39446,39572,39578,39452,39447,39573,39579,39453
39447,39573,39579,39453,39448,39574,39580,39454
39448,39574,39580,39454,39449,39575,39581,39455
39449,39575,39581,39455,39450,39576,39582,39456
39450,39576,39582,39456,39451,39577,39583,39457
39452,39578,39584,39458,39453,39579,39585,39459
39453,39579,39585,39459,39454,39580,39586,39460
39454,39580,39586,39460,39455,39581,39587,39461
39455,39581,39587,39461,39456,39582,39588,39462
39456,39582,39588,39462,39457,39583,39589,39463
39458,39584,39590,39464,39459,39585,39591,39465
39459,39585,39591,39465,39460,39586,39592,39466
39460,39586,39592,39466,39461,39587,39593,39467
39461,39587,39593,39467,39462,39588,39594,39468
39462,39588,39594,39468,39463,39589,39595,39469
39464,39590,39596,39470,39465,39591,39597,39471
39465,39591,39597,39471,39466,39592,39598,39472
39466,39592,39598,39472,39467,39593,39599,39473
39467,39593,39599,39473,39468,39594,39600,39474
39468,39594,39600,39474,39469,39595,39601,39475
39470,39596,39602,39476,39471,39597,39603,39477
39471,39597,39603,39477,39472,39598,39604,39478
39472,39598,39604,39478,39473,39599,39605,39479
39473,39599,39605,39479,39474,39600,39606,39480
39474,39600,39606,39480,39475,39601,39607,39481
39476,39602,39608,39482,39477,39603,39609,39483
39477,39603,39609,39483,39478,39604,39610,39484
39478,39604,39610,39484,39479,39605,39611,39485
39479,39605,39611,39485,39480,39606,39612,39486
39480,39606,39612,39486,39481,39607,39613,39487
39482,39608,39614,39488,39483,39609,39615,39489
39483,39609,39615,39489,39484,39610,39616,39490
39484,39610,39616,39490,39485,39611,39617,39491
39485,39611,39617,39491,39486,39612,39618,39492
39486,39612,39618,39492,39487,39613,39619,39493
39488,39614,39620,39494,39489,39615,39621,39495
39489,39615,39621,39495,39490,39616,39622,39496
39490,39616,39622,39496,39491,39617,39623,39497
39491,39617,39623,39497,39492,39618,39624,39498
39492,39618,39624,39498,39493,39619,39625,39499
39494,39620,39626,39500,39495,39621,39627,39501
39495,39621,39627,39501,39496,39622,39628,39502
39496,39622,39628,39502,39497,39623,39629,39503
39497,39623,39629,39503,39498,39624,39630,39504
39498,39624,39630,39504,39499,39625,39631,39505
39500,39626,39632,39506,39501,39627,39633,39507
39501,39627,39633,39507,39502,39628,39634,39508
39502,39628,39634,39508,39503,39629,39635,39509
39503,39629,39635,39509,39504,39630,39636,39510
39504,39630,39636,39510,39505,39631,39637,39511
39506,39632,39638,39512,39507,39633,39639,39513
39507,39633,39639,39513,39508,39634,39640,39514
39508,39634,39640,39514,39509,39635,39641,39515
39509,39635,39641,39515,39510,39636,39642,39516
39510,39636,39642,39516,39511,39637,39643,39517
39512,39638,39644,39518,39513,39639,39645,39519
39513,39639,39645,39519,39514,39640,39646,39520
39514,39640,39646,39520,39515,39641,39647,39521
39515,39641,39647,39521,39516,39642,39648,39522
39516,39642,39648,39522,39517,39643,39649,39523
39518,39644,39650,39524,39519,39645,39651,39525
39519,39645,39651,39525,39520,39646,39652,39526
39520,39646,39652,39526,39521,39647,39653,39527
39521,39647,39653,39527,39522,39648,39654,39528
39522,39648,39654,39528,39523,39649,39655,39529
39524,39650,39656,39530,39525,39651,39657,39531
39525,39651,39657,39531,39526,39652,39658,39532
39526,39652,39658,39532,39527,39653,39659,39533
39527,39653,39659,39533,39528,39654,39660,39534
39528,39654,39660,39534,39529,39655,39661,39535
39530,39656,39662,39536,39531,39657,39663,39537
39531,39657,39663,39537,39532,39658,39664,39538
39532,39658,39664,39538,39533,39659,39665,39539
39533,39659,39665,39539,39534,39660,39666,39540
39534,39660,39666,39540,39535,39661,39667,39541
39536,39662,39668,39542,39537,39663,39669,39543
39537,39663,39669,39543,39538,39664,39670,39544
39538,39664,39670,39544,39539,39665,39671,39545
39539,39665,39671,39545,39540,39666,39672,39546
39540,39666,39672,39546,39541,39667,39673,39547
39542,39668,39674,39548,39543,39669,39675,39549
39543,39669,39675,39549,39544,39670,39676,39550
39544,39670,39676,39550,39545,39671,39677,39551
39545,39671,39677,39551,39546,39672,39678,39552
39546,39672,39678,39552,39547,39673,39679,39553
39548,39674,39680,39554,39549,39675,39681,39555
39549,39675,39681,39555,39550,39676,39682,39556
39550,39676,39682,39556,39551,39677,39683,39557
39551,39677,39683,39557,39552,39678,39684,39558
39552,39678,39684,39558,39553,39679,39685,39559
39554,39680,39686,39560,39555,39681,39687,39561
39555,39681,39687,39561,39556,39682,39688,39562
39556,39682,39688,39562,39557,39683,39689,39563
39557,39683,39689,39563,39558,39684,39690,39564
39558,39684,39690,39564,39559,39685,39691,39565
39560,39686,39692,39566,39561,39687,39693,39567
39561,39687,39693,39567,39562,39688,39694,39568
39562,39688,39694,39568,39563,39689,39695,39569
39563,39689,39695,39569,39564,39690,39696,39570
39564,39690,39696,39570,39565,39691,39697,39571
39572,39698,39704,39578,39573,39699,39705,39579
39573,39699,39705,39579,39574,39700,39706,39580
39574,39700,39706,39580,39575,39701,39707,39581
39575,39701,39707,39581,39576,39702,39708,39582
39576,39702,39708,39582,39577,39703,39709,39583
39578,39704,39710,39584,39579,39705,39711,39585
39579,39705,39711,39585,39580,39706,39712,39586
39580,39706,39712,39586,39581,39707,39713,39587
39581,39707,39713,39587,39582,39708,39714,39588
39582,39708,39714,39588,39583,39709,39715,39589
39584,39710,39716,39590,39585,39711,39717,39591
39585,39711,39717,39591,39586,39712,39718,39592
39586,39712,39718,39592,39587,39713,39719,39593
39587,39713,39719,39593,39588,39714,39720,39594
39588,39714,39720,39594,39589,39715,39721,39595
39590,39716,39722,39596,39591,39717,39723,39597
39591,39717,39723,39597,39592,39718,39724,39598
39592,39718,39724,39598,39593,39719,39725,39599
39593,39719,39725,39599,39594,39720,39726,39600
39594,39720,39726,39600,39595,39721,39727,39601
39596,39722,39728,39602,39597,39723,39729,39603
39597,39723,39729,39603,39598,39724,39730,39604
39598,39724,39730,39604,39599,39725,39731,39605
39599,39725,39731,39605,39600,39726,39732,39606
39600,39726,39732,39606,39601,39727,39733,39607
39602,39728,39734,39608,39603,39729,39735,39609
39603,39729,39735,39609,39604,39730,39736,39610
39604,39730,39736,39610,39605,39731,39737,39611
39605,39731,39737,39611,39606,39732,39738,39612
39606,39732,39738,39612,39607,39733,39739,39613
39608,39734,39740,39614,39609,39735,39741,39615
39609,39735,39741,39615,39610,39736,39742,39616
39610,39736,39742,39616,39611,39737,39743,39617
39611,39737,39743,39617,39612,39738,39744,39618
39612,39738,39744,39618,39613,39739,39745,39619
39614,39740,39746,39620,39615,39741,39747,39621
39615,39741,39747,39621,39616,39742,39748,39622
39616,39742,39748,39622,39617,39743,39749,39623
39617,39743,39749,39623,39618,39744,39750,39624
39618,39744,39750,39624,39619,39745,39751,39625
39620,39746,39752,39626,39621,39747,39753,39627
39621,39747,39753,39627,39622,39748,39754,39628
39622,39748,39754,39628,39623,39749,39755,39629
39623,39749,39755,39629,39624,39750,39756,39630
39624,39750,39756,39630,39625,39751,39757,39631
39626,39752,39758,39632,39627,39753,39759,39633
39627,39753,39759,39633,39628,39754,39760,39634
39628,39754,39760,39634,39629,39755,39761,39635
39629,39755,39761,39635,39630,39756,39762,39636
39630,39756,39762,39636,39631,39757,39763,39637
39632,39758,39764,39638,39633,39759,39765,39639
39633,39759,39765,39639,39634,39760,39766,39640
39634,39760,39766,39640,39635,39761,39767,39641
39635,39761,39767,39641,39636,39762,39768,39642
39636,39762,39768,39642,39637,39763,39769,39643
39638,39764,39770,39644,39639,39765,39771,39645
39639,39765,39771,39645,39640,39766,39772,39646
39640,39766,39772,39646,39641,39767,39773,39647
39641,39767,39773,39647,39642,39768,39774,39648
39642,39768,39774,39648,39643,39769,39775,39649
39644,39770,39776,39650,39645,39771,39777,39651
39645,39771,39777,39651,39646,39772,39778,39652
39646,39772,39778,39652,39647,39773,39779,39653
39647,39773,39779,39653,39648,39774,39780,39654
39648,39774,39780,39654,39649,39775,39781,39655
39650,39776,39782,39656,39651,39777,39783,39657
39651,39777,39783,39657,39652,39778,39784,39658
39652,39778,39784,39658,39653,39779,39785,39659
39653,39779,39785,39659,39654,39780,39786,39660
39654,39780,39786,39660,39655,39781,39787,39661
39656,39782,39788,39662,39657,39783,39789,39663
39657,39783,39789,39663,39658,39784,39790,39664
39658,39784,39790,39664,39659,39785,39791,39665
39659,39785,39791,39665,39660,39786,39792,39666
39660,39786,39792,39666,39661,39787,39793,39667
39662,39788,39794,39668,39663,39789,39795,39669
39663,39789,39795,39669,39664,39790,39796,39670
39664,39790,39796,39670,39665,39791,39797,39671
39665,39791,39797,39671,39666,39792,39798,39672
39666,39792,39798,39672,39667,39793,39799,39673
39668,39794,39800,39674,39669,39795,39801,39675
39669,39795,39801,39675,39670,39796,39802,39676
39670,39796,39802,39676,39671,39797,39803,39677
39671,39797,39803,39677,39672,39798,39804,39678
39672,39798,39804,39678,39673,39799,39805,39679
39674,39800,39806,39680,39675,39801,39807,39681
39675,39801,39807,39681,39676,39802,39808,39682
39676,39802,39808,39682,39677,39803,39809,39683
39677,39803,39809,39683,39678,39804,39810,39684
39678,39804,39810,39684,39679,39805,39811,39685
39680,39806,39812,39686,39681,39807,39813,39687
39681,39807,39813,39687,39682,39808,39814,39688
39682,39808,39814,39688,39683,39809,39815,39689
39683,39809,39815,39689,39684,39810,39816,39690
39684,39810,39816,39690,39685,39811,39817,39691
39686,39812,39818,39692,39687,39813,39819,39693
39687,39813,39819,39693,39688,39814,39820,39694
39688,39814,39820,39694,39689,39815,39821,39695
39689,39815,39821,39695,39690,39816,39822,39696
39690,39816,39822,39696,39691,39817,39823,39697
39698,39824,39830,39704,39699,39825,39831,39705
39699,39825,39831,39705,39700,39826,39832,39706
39700,39826,39832,39706,39701,39827,39833,39707
39701,39827,39833,39707,39702,39828,39834,39708
39702,39828,39834,39708,39703,39829,39835,39709
39704,39830,39836,39710,39705,39831,39837,39711
39705,39831,39837,39711,39706,39832,39838,39712
39706,39832,39838,39712,39707,39833,39839,39713
39707,39833,39839,39713,39708,39834,39840,39714
39708,39834,39840,39714,39709,39835,39841,39715
39710,39836,39842,39716,39711,39837,39843,39717
39711,39837,39843,39717,39712,39838,39844,39718
39712,39838,39844,39718,39713,39839,39845,39719
39713,39839,39845,39719,39714,39840,39846,39720
39714,39840,39846,39720,39715,39841,39847,39721
39716,39842,39848,39722,39717,39843,39849,39723
39717,39843,39849,39723,39718,39844,39850,39724
39718,39844,39850,39724,39719,39845,39851,39725
39719,39845,39851,39725,39720,39846,39852,39726
39720,39846,39852,39726,39721,39847,39853,39727
39722,39848,39854,39728,39723,39849,39855,39729
39723,39849,39855,39729,39724,39850,39856,39730
39724,39850,39856,39730,39725,39851,39857,39731
39725,39851,39857,39731,39726,39852,39858,39732
39726,39852,39858,39732,39727,39853,39859,39733
39728,39854,39860,39734,39729,39855,39861,39735
39729,39855,39861,39735,39730,39856,39862,39736
39730,39856,39862,39736,39731,39857,39863,39737
39731,39857,39863,39737,39732,39858,39864,39738
39732,39858,39864,39738,39733,39859,39865,39739
39734,39860,39866,39740,39735,39861,39867,39741
39735,39861,39867,39741,39736,39862,39868,39742
39736,39862,39868,39742,39737,39863,39869,39743
39737,39863,39869,39743,39738,39864,39870,39744
39738,39864,39870,39744,39739,39865,39871,39745
39740,39866,39872,39746,39741,39867,39873,39747
39741,39867,39873,39747,39742,39868,39874,39748
39742,39868,39874,39748,39743,39869,39875,39749
39743,39869,39875,39749,39744,39870,39876,39750
39744,39870,39876,39750,39745,39871,39877,39751
39746,39872,39878,39752,39747,39873,39879,39753
39747,39873,39879,39753,39748,39874,39880,39754
39748,39874,39880,39754,39749,39875,39881,39755
39749,39875,39881,39755,39750,39876,39882,39756
39750,39876,39882,39756,39751,39877,39883,39757
39752,39878,39884,39758,39753,39879,39885,39759
39753,39879,39885,39759,39754,39880,39886,39760
39754,39880,39886,39760,39755,39881,39887,39761
39755,39881,39887,39761,39756,39882,39888,39762
39756,39882,39888,39762,39757,39883,39889,39763
39758,39884,39890,39764,39759,39885,39891,39765
39759,39885,39891,39765,39760,39886,39892,39766
39760,39886,39892,39766,39761,39887,39893,39767
39761,39887,39893,39767,39762,39888,39894,39768
39762,39888,39894,39768,39763,39889,39895,39769
39764,39890,39896,39770,39765,39891,39897,39771
39765,39891,39897,39771,39766,39892,39898,39772
39766,39892,39898,39772,39767,39893,39899,39773
39767,39893,39899,39773,39768,39894,39900,39774
39768,39894,39900,39774,39769,39895,39901,39775
39770,39896,39902,39776,39771,39897,39903,39777
39771,39897,39903,39777,39772,39898,39904,39778
39772,39898,39904,39778,39773,39899,39905,39779
39773,39899,39905,39779,39774,39900,39906,39780
39774,39900,39906,39780,39775,39901,39907,39781
39776,39902,39908,39782,39777,39903,39909,39783
39777,39903,39909,39783,39778,39904,39910,39784
39778,39904,39910,39784,39779,39905,39911,39785
39779,39905,39911,39785,39780,39906,39912,39786
39780,39906,39912,39786,39781,39907,39913,39787
39782,39908,39914,39788,39783,39909,39915,39789
39783,39909,39915,39789,39784,39910,39916,39790
39784,39910,39916,39790,39785,39911,39917,39791
39785,39911,39917,39791,39786,39912,39918,39792
39786,39912,39918,39792,39787,39913,39919,39793
39788,39914,39920,39794,39789,39915,39921,39795
39789,39915,39921,39795,39790,39916,39922,39796
39790,39916,39922,39796,39791,39917,39923,39797
39791,39917,39923,39797,39792,39918,39924,39798
39792,39918,39924,39798,39793,39919,39925,39799
39794,39920,39926,39800,39795,39921,39927,39801
39795,39921,39927,39801,39796,39922,39928,39802
39796,39922,39928,39802,39797,39923,39929,39803
39797,39923,39929,39803,39798,39924,39930,39804
39798,39924,39930,39804,39799,39925,39931,39805
39800,39926,39932,39806,39801,39927,39933,39807
39801,39927,39933,39807,39802,39928,39934,39808
39802,39928,39934,39808,39803,39929,39935,39809
39803,39929,39935,39809,39804,39930,39936,39810
39804,39930,39936,39810,39805,39931,39937,39811
39806,39932,39938,39812,39807,39933,39939,39813
39807,39933,39939,39813,39808,39934,39940,39814
39808,39934,39940,39814,39809,39935,39941,39815
39809,39935,39941,39815,39810,39936,39942,39816
39810,39936,39942,39816,39811,39937,39943,39817
39812,39938,39944,39818,39813,39939,39945,39819
39813,39939,39945,39819,39814,39940,39946,39820
39814,39940,39946,39820,39815,39941,39947,39821
39815,39941,39947,39821,39816,39942,39948,39822
39816,39942,39948,39822,39817,39943,39949,39823
39824,39950,39956,39830,39825,39951,39957,39831
39825,39951,39957,39831,39826,39952,39958,39832
39826,39952,39958,39832,39827,39953,39959,39833
39827,39953,39959,39833,39828,39954,39960,39834
39828,39954,39960,39834,39829,39955,39961,39835
39830,39956,39962,39836,39831,39957,39963,39837
39831,39957,39963,39837,39832,39958,39964,39838
39832,39958,39964,39838,39833,39959,39965,39839
39833,39959,39965,39839,39834,39960,39966,39840
39834,39960,39966,39840,39835,39961,39967,39841
39836,39962,39968,39842,39837,39963,39969,39843
39837,39963,39969,39843,39838,39964,39970,39844
39838,39964,39970,39844,39839,39965,39971,39845
39839,39965,39971,39845,39840,39966,39972,39846
39840,39966,39972,39846,39841,39967,39973,39847
39842,39968,39974,39848,39843,39969,39975,39849
39843,39969,39975,39849,39844,39970,39976,39850
39844,39970,39976,39850,39845,39971,39977,39851
39845,39971,39977,39851,39846,39972,39978,39852
39846,39972,39978,39852,39847,39973,39979,39853
39848,39974,39980,39854,39849,39975,39981,39855
39849,39975,39981,39855,39850,39976,39982,39856
39850,39976,39982,39856,39851,39977,39983,39857
39851,39977,39983,39857,39852,39978,39984,39858
39852,39978,39984,39858,39853,39979,39985,39859
39854,39980,39986,39860,39855,39981,39987,39861
39855,39981,39987,39861,39856,39982,39988,39862
39856,39982,39988,39862,39857,39983,39989,39863
39857,39983,39989,39863,39858,39984,39990,39864
39858,39984,39990,39864,39859,39985,39991,39865
39860,39986,39992,39866,39861,39987,39993,39867
39861,39987,39993,39867,39862,39988,39994,39868
39862,39988,39994,39868,39863,39989,39995,39869
39863,39989,39995,39869,39864,39990,39996,39870
39864,39990,39996,39870,39865,39991,39997,39871
39866,39992,39998,39872,39867,39993,39999,39873
39867,39993,39999,39873,39868,39994,40000,39874
39868,39994,40000,39874,39869,39995,40001,39875
39869,39995,40001,39875,39870,39996,40002,39876
39870,39996,40002,39876,39871,39997,40003,39877
39872,39998,40004,39878,39873,39999,40005,39879
39873,39999,40005,39879,39874,40000,40006,39880
39874,40000,40006,39880,39875,40001,40007,39881
39875,40001,40007,39881,39876,40002,40008,39882
39876,40002,40008,39882,39877,40003,40009,39883
39878,40004,40010,39884,39879,40005,40011,39885
39879,40005,40011,39885,39880,40006,40012,39886
39880,40006,40012,39886,39881,40007,40013,39887
39881,40007,40013,39887,39882,40008,40014,39888
39882,40008,40014,39888,39883,40009,40015,39889
39884,40010,40016,39890,39885,40011,40017,39891
39885,40011,40017,39891,39886,40012,40018,39892
39886,40012,40018,39892,39887,40013,40019,39893
39887,40013,40019,39893,39888,40014,40020,39894
39888,40014,40020,39894,39889,40015,40021,39895
39890,40016,40022,39896,39891,40017,40023,39897
39891,40017,40023,39897,39892,40018,40024,39898
39892,40018,40024,39898,39893,40019,40025,39899
39893,40019,40025,39899,39894,40020,40026,39900
39894,40020,40026,39900,39895,40021,40027,39901
39896,40022,40028,39902,39897,40023,40029,39903
39897,40023,40029,39903,39898,40024,40030,39904
39898,40024,40030,39904,39899,40025,40031,39905
39899,40025,40031,39905,39900,40026,40032,39906
39900,40026,40032,39906,39901,40027,40033,39907
39902,40028,40034,39908,39903,40029,40035,39909
39903,40029,40035,39909,39904,40030,40036,39910
39904,40030,40036,39910,39905,40031,40037,39911
39905,40031,40037,39911,39906,40032,40038,39912
39906,40032,40038,39912,39907,40033,40039,39913
39908,40034,40040,39914,39909,40035,40041,39915
39909,40035,40041,39915,39910,40036,40042,39916
39910,40036,40042,39916,39911,40037,40043,39917
39911,40037,40043,39917,39912,40038,40044,39918
39912,40038,40044,39918,39913,40039,40045,39919
39914,40040,40046,39920,39915,40041,40047,39921
39915,40041,40047,39921,39916,40042,40048,39922
39916,40042,40048,39922,39917,40043,40049,39923
39917,40043,40049,39923,39918,40044,40050,39924
39918,40044,40050,39924,39919,40045,40051,39925
39920,40046,40052,39926,39921,40047,40053,39927
39921,40047,40053,39927,39922,40048,40054,39928
39922,40048,40054,39928,39923,40049,40055,39929
39923,40049,40055,39929,39924,40050,40056,39930
39924,40050,40056,39930,39925,40051,40057,39931
39926,40052,40058,39932,39927,40053,40059,39933
39927,40053,40059,39933,39928,40054,40060,39934
39928,40054,40060,39934,39929,40055,40061,39935
39929,40055,40061,39935,39930,40056,40062,39936
39930,40056,40062,39936,39931,40057,40063,39937
39932,40058,40064,39938,39933,40059,40065,39939
39933,40059,40065,39939,39934,40060,40066,39940
39934,40060,40066,39940,39935,40061,40067,39941
39935,40061,40067,39941,39936,40062,40068,39942
39936,40062,40068,39942,39937,40063,40069,39943
39938,40064,40070,39944,39939,40065,40071,39945
39939,40065,40071,39945,39940,40066,40072,39946
39940,40066,40072,39946,39941,40067,40073,39947
39941,40067,40073,39947,39942,40068,40074,39948
39942,40068,40074,39948,39943,40069,40075,39949
39950,40076,40082,39956,39951,40077,40083,39957
39951,40077,40083,39957,39952,40078,40084,39958
39952,40078,40084,39958,39953,40079,40085,39959
39953,40079,40085,39959,39954,40080,40086,39960
39954,40080,40086,39960,39955,40081,40087,39961
39956,40082,40088,39962,39957,40083,40089,39963
39957,40083,40089,39963,39958,40084,40090,39964
39958,40084,40090,39964,39959,40085,40091,39965
39959,40085,40091,39965,39960,40086,40092,39966
39960,40086,40092,39966,39961,40087,40093,39967
39962,40088,40094,39968,39963,40089,40095,39969
39963,40089,40095,39969,39964,40090,40096,39970
39964,40090,40096,39970,39965,40091,40097,39971
39965,40091,40097,39971,39966,40092,40098,39972
39966,40092,40098,39972,39967,40093,40099,39973
39968,40094,40100,39974,39969,40095,40101,39975
39969,40095,40101,39975,39970,40096,40102,39976
39970,40096,40102,39976,39971,40097,40103,39977
39971,40097,40103,39977,39972,40098,40104,39978
39972,40098,40104,39978,39973,40099,40105,39979
39974,40100,40106,39980,39975,40101,40107,39981
39975,40101,40107,39981,39976,40102,40108,39982
39976,40102,40108,39982,39977,40103,40109,39983
39977,40103,40109,39983,39978,40104,40110,39984
39978,40104,40110,39984,39979,40105,40111,39985
39980,40106,40112,39986,39981,40107,40113,39987
39981,40107,40113,39987,39982,40108,40114,39988
39982,40108,40114,39988,39983,40109,40115,39989
39983,40109,40115,39989,39984,40110,40116,39990
39984,40110,40116,39990,39985,40111,40117,39991
39986,40112,40118,39992,39987,40113,40119,39993
39987,40113,40119,39993,39988,40114,40120,39994
39988,40114,40120,39994,39989,40115,40121,39995
39989,40115,40121,39995,39990,40116,40122,39996
39990,40116,40122,39996,39991,40117,40123,39997
39992,40118,40124,39998,39993,40119,40125,39999
39993,40119,40125,39999,39994,40120,40126,40000
39994,40120,40126,40000,39995,40121,40127,40001
39995,40121,40127,40001,39996,40122,40128,40002
39996,40122,40128,40002,39997,40123,40129,40003
39998,40124,40130,40004,39999,40125,40131,40005
39999,40125,40131,40005,40000,40126,40132,40006
40000,40126,40132,40006,40001,40127,40133,40007
40001,40127,40133,40007,40002,40128,40134,40008
40002,40128,40134,40008,40003,40129,40135,40009
40004,40130,40136,40010,40005,40131,40137,40011
40005,40131,40137,40011,40006,40132,40138,40012
40006,40132,40138,40012,40007,40133,40139,40013
40007,40133,40139,40013,40008,40134,40140,40014
40008,40134,40140,40014,40009,40135,40141,40015
40010,40136,40142,40016,40011,40137,40143,40017
40011,40137,40143,40017,40012,40138,40144,40018
40012,40138,40144,40018,40013,40139,40145,40019
40013,40139,40145,40019,40014,40140,40146,40020
40014,40140,40146,40020,40015,40141,40147,40021
40016,40142,40148,40022,40017,40143,40149,40023
40017,40143,40149,40023,40018,40144,40150,40024
40018,40144,40150,40024,40019,40145,40151,40025
40019,40145,40151,40025,40020,40146,40152,40026
40020,40146,40152,40026,40021,40147,40153,40027
40022,40148,40154,40028,40023,40149,40155,40029
40023,40149,40155,40029,40024,40150,40156,40030
40024,40150,40156,40030,40025,40151,40157,40031
40025,40151,40157,40031,40026,40152,40158,40032
40026,40152,40158,40032,40027,40153,40159,40033
40028,40154,40160,40034,40029,40155,40161,40035
40029,40155,40161,40035,40030,40156,40162,40036
40030,40156,40162,40036,40031,40157,40163,40037
40031,40157,40163,40037,40032,40158,40164,40038
40032,40158,40164,40038,40033,40159,40165,40039
40034,40160,40166,40040,40035,40161,40167,40041
40035,40161,40167,40041,40036,40162,40168,40042
40036,40162,40168,40042,40037,40163,40169,40043
40037,40163,40169,40043,40038,40164,40170,40044
40038,40164,40170,40044,40039,40165,40171,40045
40040,40166,40172,40046,40041,40167,40173,40047
40041,40167,40173,40047,40042,40168,40174,40048
40042,40168,40174,40048,40043,40169,40175,40049
40043,40169,40175,40049,40044,40170,40176,40050
40044,40170,40176,40050,40045,40171,40177,40051
40046,40172,40178,40052,40047,40173,40179,40053
40047,40173,40179,40053,40048,40174,40180,40054
40048,40174,40180,40054,40049,40175,40181,40055
40049,40175,40181,40055,40050,40176,40182,40056
40050,40176,40182,40056,40051,40177,40183,40057
40052,40178,40184,40058,40053,40179,40185,40059
40053,40179,40185,40059,40054,40180,40186,40060
40054,40180,40186,40060,40055,40181,40187,40061
40055,40181,40187,40061,40056,40182,40188,40062
40056,40182,40188,40062,40057,40183,40189,40063
40058,40184,40190,40064,40059,40185,40191,40065
40059,40185,40191,40065,40060,40186,40192,40066
40060,40186,40192,40066,40061,40187,40193,40067
40061,40187,40193,40067,40062,40188,40194,40068
40062,40188,40194,40068,40063,40189,40195,40069
40064,40190,40196,40070,40065,40191,40197,40071
40065,40191,40197,40071,40066,40192,40198,40072
40066,40192,40198,40072,40067,40193,40199,40073
40067,40193,40199,40073,40068,40194,40200,40074
40068,40194,40200,40074,40069,40195,40201,40075
40076,40202,40208,40082,40077,40203,40209,40083
40077,40203,40209,40083,40078,40204,40210,40084
40078,40204,40210,40084,40079,40205,40211,40085
40079,40205,40211,40085,40080,40206,40212,40086
40080,40206,40212,40086,40081,40207,40213,40087
40082,40208,40214,40088,40083,40209,40215,40089
40083,40209,40215,40089,40084,40210,40216,40090
40084,40210,40216,40090,40085,40211,40217,40091
40085,40211,40217,40091,40086,40212,40218,40092
40086,40212,40218,40092,40087,40213,40219,40093
40088,40214,40220,40094,40089,40215,40221,40095
40089,40215,40221,40095,40090,40216,40222,40096
40090,40216,40222,40096,40091,40217,40223,40097
40091,40217,40223,40097,40092,40218,40224,40098
40092,40218,40224,40098,40093,40219,40225,40099
40094,40220,40226,40100,40095,40221,40227,40101
40095,40221,40227,40101,40096,40222,40228,40102
40096,40222,40228,40102,40097,40223,40229,40103
40097,40223,40229,40103,40098,40224,40230,40104
40098,40224,40230,40104,40099,40225,40231,40105
40100,40226,40232,40106,40101,40227,40233,40107
40101,40227,40233,40107,40102,40228,40234,40108
40102,40228,40234,40108,40103,40229,40235,40109
40103,40229,40235,40109,40104,40230,40236,40110
40104,40230,40236,40110,40105,40231,40237,40111
40106,40232,40238,40112,40107,40233,40239,40113
40107,40233,40239,40113,40108,40234,40240,40114
40108,40234,40240,40114,40109,40235,40241,40115
40109,40235,40241,40115,40110,40236,40242,40116
40110,40236,40242,40116,40111,40237,40243,40117
40112,40238,40244,40118,40113,40239,40245,40119
40113,40239,40245,40119,40114,40240,40246,40120
40114,40240,40246,40120,40115,40241,40247,40121
40115,40241,40247,40121,40116,40242,40248,40122
40116,40242,40248,40122,40117,40243,40249,40123
40118,40244,40250,40124,40119,40245,40251,40125
40119,40245,40251,40125,40120,40246,40252,40126
40120,40246,40252,40126,40121,40247,40253,40127
40121,40247,40253,40127,40122,40248,40254,40128
40122,40248,40254,40128,40123,40249,40255,40129
40124,40250,40256,40130,40125,40251,40257,40131
40125,40251,40257,40131,40126,40252,40258,40132
40126,40252,40258,40132,40127,40253,40259,40133
40127,40253,40259,40133,40128,40254,40260,40134
40128,40254,40260,40134,40129,40255,40261,40135
40130,40256,40262,40136,40131,40257,40263,40137
40131,40257,40263,40137,40132,40258,40264,40138
40132,40258,40264,40138,40133,40259,40265,40139
40133,40259,40265,40139,40134,40260,40266,40140
40134,40260,40266,40140,40135,40261,40267,40141
40136,40262,40268,40142,40137,40263,40269,40143
40137,40263,40269,40143,40138,40264,40270,40144
40138,40264,40270,40144,40139,40265,40271,40145
40139,40265,40271,40145,40140,40266,40272,40146
40140,40266,40272,40146,40141,40267,40273,40147
40142,40268,40274,40148,40143,40269,40275,40149
40143,40269,40275,40149,40144,40270,40276,40150
40144,40270,40276,40150,40145,40271,40277,40151
40145,40271,40277,40151,40146,40272,40278,40152
40146,40272,40278,40152,40147,40273,40279,40153
40148,40274,40280,40154,40149,40275,40281,40155
40149,40275,40281,40155,40150,40276,40282,40156
40150,40276,40282,40156,40151,40277,40283,40157
40151,40277,40283,40157,40152,40278,40284,40158
40152,40278,40284,40158,40153,40279,40285,40159
40154,40280,40286,40160,40155,40281,40287,40161
40155,40281,40287,40161,40156,40282,40288,40162
40156,40282,40288,40162,40157,40283,40289,40163
40157,40283,40289,40163,40158,40284,40290,40164
40158,40284,40290,40164,40159,40285,40291,40165
40160,40286,40292,40166,40161,40287,40293,40167
40161,40287,40293,40167,40162,40288,40294,40168
40162,40288,40294,40168,40163,40289,40295,40169
40163,40289,40295,40169,40164,40290,40296,40170
40164,40290,40296,40170,40165,40291,40297,40171
40166,40292,40298,40172,40167,40293,40299,40173
40167,40293,40299,40173,40168,40294,40300,40174
40168,40294,40300,40174,40169,40295,40301,40175
40169,40295,40301,40175,40170,40296,40302,40176
40170,40296,40302,40176,40171,40297,40303,40177
40172,40298,40304,40178,40173,40299,40305,40179
40173,40299,40305,40179,40174,40300,40306,40180
40174,40300,40306,40180,40175,40301,40307,40181
40175,40301,40307,40181,40176,40302,40308,40182
40176,40302,40308,40182,40177,40303,40309,40183
40178,40304,40310,40184,40179,40305,40311,40185
40179,40305,40311,40185,40180,40306,40312,40186
40180,40306,40312,40186,40181,40307,40313,40187
40181,40307,40313,40187,40182,40308,40314,40188
40182,40308,40314,40188,40183,40309,40315,40189
40184,40310,40316,40190,40185,40311,40317,40191
40185,40311,40317,40191,40186,40312,40318,40192
40186,40312,40318,40192,40187,40313,40319,40193
40187,40313,40319,40193,40188,40314,40320,40194
40188,40314,40320,40194,40189,40315,40321,40195
40190,40316,40322,40196,40191,40317,40323,40197
40191,40317,40323,40197,40192,40318,40324,40198
40192,40318,40324,40198,40193,40319,40325,40199
40193,40319,40325,40199,40194,40320,40326,40200
40194,40320,40326,40200,40195,40321,40327,40201
40202,40328,40334,40208,40203,40329,40335,40209
40203,40329,40335,40209,40204,40330,40336,40210
40204,40330,40336,40210,40205,40331,40337,40211
40205,40331,40337,40211,40206,40332,40338,40212
40206,40332,40338,40212,40207,40333,40339,40213
40208,40334,40340,40214,40209,40335,40341,40215
40209,40335,40341,40215,40210,40336,40342,40216
40210,40336,40342,40216,40211,40337,40343,40217
40211,40337,40343,40217,40212,40338,40344,40218
40212,40338,40344,40218,40213,40339,40345,40219
40214,40340,40346,40220,40215,40341,40347,40221
40215,40341,40347,40221,40216,40342,40348,40222
40216,40342,40348,40222,40217,40343,40349,40223
40217,40343,40349,40223,40218,40344,40350,40224
40218,40344,40350,40224,40219,40345,40351,40225
40220,40346,40352,40226,40221,40347,40353,40227
40221,40347,40353,40227,40222,40348,40354,40228
40222,40348,40354,40228,40223,40349,40355,40229
40223,40349,40355,40229,40224,40350,40356,40230
40224,40350,40356,40230,40225,40351,40357,40231
40226,40352,40358,40232,40227,40353,40359,40233
40227,40353,40359,40233,40228,40354,40360,40234
40228,40354,40360,40234,40229,40355,40361,40235
40229,40355,40361,40235,40230,40356,40362,40236
40230,40356,40362,40236,40231,40357,40363,40237
40232,40358,40364,40238,40233,40359,40365,40239
40233,40359,40365,40239,40234,40360,40366,40240
40234,40360,40366,40240,40235,40361,40367,40241
40235,40361,40367,40241,40236,40362,40368,40242
40236,40362,40368,40242,40237,40363,40369,40243
40238,40364,40370,40244,40239,40365,40371,40245
40239,40365,40371,40245,40240,40366,40372,40246
40240,40366,40372,40246,40241,40367,40373,40247
40241,40367,40373,40247,40242,40368,40374,40248
40242,40368,40374,40248,40243,40369,40375,40249
40244,40370,40376,40250,40245,40371,40377,40251
40245,40371,40377,40251,40246,40372,40378,40252
40246,40372,40378,40252,40247,40373,40379,40253
40247,40373,40379,40253,40248,40374,40380,40254
40248,40374,40380,40254,40249,40375,40381,40255
40250,40376,40382,40256,40251,40377,40383,40257
40251,40377,40383,40257,40252,40378,40384,40258
40252,40378,40384,40258,40253,40379,40385,40259
40253,40379,40385,40259,40254,40380,40386,40260
40254,40380,40386,40260,40255,40381,40387,40261
40256,40382,40388,40262,40257,40383,40389,40263
40257,40383,40389,40263,40258,40384,40390,40264
40258,40384,40390,40264,40259,40385,40391,40265
40259,40385,40391,40265,40260,40386,40392,40266
40260,40386,40392,40266,40261,40387,40393,40267
40262,40388,40394,40268,40263,40389,40395,40269
40263,40389,40395,40269,40264,40390,40396,40270
40264,40390,40396,40270,40265,40391,40397,40271
40265,40391,40397,40271,40266,40392,40398,40272
40266,40392,40398,40272,40267,40393,40399,40273
40268,40394,40400,40274,40269,40395,40401,40275
40269,40395,40401,40275,40270,40396,40402,40276
40270,40396,40402,40276,40271,40397,40403,40277
40271,40397,40403,40277,40272,40398,40404,40278
40272,40398,40404,40278,40273,40399,40405,40279
40274,40400,40406,40280,40275,40401,40407,40281
40275,40401,40407,40281,40276,40402,40408,40282
40276,40402,40408,40282,40277,40403,40409,40283
40277,40403,40409,40283,40278,40404,40410,40284
40278,40404,40410,40284,40279,40405,40411,40285
40280,40406,40412,40286,40281,40407,40413,40287
40281,40407,40413,40287,40282,40408,40414,40288
40282,40408,40414,40288,40283,40409,40415,40289
40283,40409,40415,40289,40284,40410,40416,40290
40284,40410,40416,40290,40285,40411,40417,40291
40286,40412,40418,40292,40287,40413,40419,40293
40287,40413,40419,40293,40288,40414,40420,40294
40288,40414,40420,40294,40289,40415,40421,40295
40289,40415,40421,40295,40290,40416,40422,40296
40290,40416,40422,40296,40291,40417,40423,40297
40292,40418,40424,40298,40293,40419,40425,40299
40293,40419,40425,40299,40294,40420,40426,40300
40294,40420,40426,40300,40295,40421,40427,40301
40295,40421,40427,40301,40296,40422,40428,40302
40296,40422,40428,40302,40297,40423,40429,40303
40298,40424,40430,40304,40299,40425,40431,40305
40299,40425,40431,40305,40300,40426,40432,40306
40300,40426,40432,40306,40301,40427,40433,40307
40301,40427,40433,40307,40302,40428,40434,40308
40302,40428,40434,40308,40303,40429,40435,40309
40304,40430,40436,40310,40305,40431,40437,40311
40305,40431,40437,40311,40306,40432,40438,40312
40306,40432,40438,40312,40307,40433,40439,40313
40307,40433,40439,40313,40308,40434,40440,40314
40308,40434,40440,40314,40309,40435,40441,40315
40310,40436,40442,40316,40311,40437,40443,40317
40311,40437,40443,40317,40312,40438,40444,40318
40312,40438,40444,40318,40313,40439,40445,40319
40313,40439,40445,40319,40314,40440,40446,40320
40314,40440,40446,40320,40315,40441,40447,40321
40316,40442,40448,40322,40317,40443,40449,40323
40317,40443,40449,40323,40318,40444,40450,40324
40318,40444,40450,40324,40319,40445,40451,40325
40319,40445,40451,40325,40320,40446,40452,40326
40320,40446,40452,40326,40321,40447,40453,40327
40328,40454,40460,40334,40329,40455,40461,40335
40329,40455,40461,40335,40330,40456,40462,40336
40330,40456,40462,40336,40331,40457,40463,40337
40331,40457,40463,40337,40332,40458,40464,40338
40332,40458,40464,40338,40333,40459,40465,40339
40334,40460,40466,40340,40335,40461,40467,40341
40335,40461,40467,40341,40336,40462,40468,40342
40336,40462,40468,40342,40337,40463,40469,40343
40337,40463,40469,40343,40338,40464,40470,40344
40338,40464,40470,40344,40339,40465,40471,40345
40340,40466,40472,40346,40341,40467,40473,40347
40341,40467,40473,40347,40342,40468,40474,40348
40342,40468,40474,40348,40343,40469,40475,40349
40343,40469,40475,40349,40344,40470,40476,40350
40344,40470,40476,40350,40345,40471,40477,40351
40346,40472,40478,40352,40347,40473,40479,40353
40347,40473,40479,40353,40348,40474,40480,40354
40348,40474,40480,40354,40349,40475,40481,40355
40349,40475,40481,40355,40350,40476,40482,40356
40350,40476,40482,40356,40351,40477,40483,40357
40352,40478,40484,40358,40353,40479,40485,40359
40353,40479,40485,40359,40354,40480,40486,40360
40354,40480,40486,40360,40355,40481,40487,40361
40355,40481,40487,40361,40356,40482,40488,40362
40356,40482,40488,40362,40357,40483,40489,40363
40358,40484,40490,40364,40359,40485,40491,40365
40359,40485,40491,40365,40360,40486,40492,40366
40360,40486,40492,40366,40361,40487,40493,40367
40361,40487,40493,40367,40362,40488,40494,40368
40362,40488,40494,40368,40363,40489,40495,40369
40364,40490,40496,40370,40365,40491,40497,40371
40365,40491,40497,40371,40366,40492,40498,40372
40366,40492,40498,40372,40367,40493,40499,40373
40367,40493,40499,40373,40368,40494,40500,40374
40368,40494,40500,40374,40369,40495,40501,40375
40370,40496,40502,40376,40371,40497,40503,40377
40371,40497,40503,40377,40372,40498,40504,40378
40372,40498,40504,40378,40373,40499,40505,40379
40373,40499,40505,40379,40374,40500,40506,40380
40374,40500,40506,40380,40375,40501,40507,40381
40376,40502,40508,40382,40377,40503,40509,40383
40377,40503,40509,40383,40378,40504,40510,40384
40378,40504,40510,40384,40379,40505,40511,40385
40379,40505,40511,40385,40380,40506,40512,40386
40380,40506,40512,40386,40381,40507,40513,40387
40382,40508,40514,40388,40383,40509,40515,40389
40383,40509,40515,40389,40384,40510,40516,40390
40384,40510,40516,40390,40385,40511,40517,40391
40385,40511,40517,40391,40386,40512,40518,40392
40386,40512,40518,40392,40387,40513,40519,40393
40388,40514,40520,40394,40389,40515,40521,40395
40389,40515,40521,40395,40390,40516,40522,40396
40390,40516,40522,40396,40391,40517,40523,40397
40391,40517,40523,40397,40392,40518,40524,40398
40392,40518,40524,40398,40393,40519,40525,40399
40394,40520,40526,40400,40395,40521,40527,40401
40395,40521,40527,40401,40396,40522,40528,40402
40396,40522,40528,40402,40397,40523,40529,40403
40397,40523,40529,40403,40398,40524,40530,40404
40398,40524,40530,40404,40399,40525,40531,40405
40400,40526,40532,40406,40401,40527,40533,40407
40401,40527,40533,40407,40402,40528,40534,40408
40402,40528,40534,40408,40403,40529,40535,40409
40403,40529,40535,40409,40404,40530,40536,40410
40404,40530,40536,40410,40405,40531,40537,40411
40406,40532,40538,40412,40407,40533,40539,40413
40407,40533,40539,40413,40408,40534,40540,40414
40408,40534,40540,40414,40409,40535,40541,40415
40409,40535,40541,40415,40410,40536,40542,40416
40410,40536,40542,40416,40411,40537,40543,40417
40412,40538,40544,40418,40413,40539,40545,40419
40413,40539,40545,40419,40414,40540,40546,40420
40414,40540,40546,40420,40415,40541,40547,40421
40415,40541,40547,40421,40416,40542,40548,40422
40416,40542,40548,40422,40417,40543,40549,40423
40418,40544,40550,40424,40419,40545,40551,40425
40419,40545,40551,40425,40420,40546,40552,40426
40420,40546,40552,40426,40421,40547,40553,40427
40421,40547,40553,40427,40422,40548,40554,40428
40422,40548,40554,40428,40423,40549,40555,40429
40424,40550,40556,40430,40425,40551,40557,40431
40425,40551,40557,40431,40426,40552,40558,40432
40426,40552,40558,40432,40427,40553,40559,40433
40427,40553,40559,40433,40428,40554,40560,40434
40428,40554,40560,40434,40429,40555,40561,40435
40430,40556,40562,40436,40431,40557,40563,40437
40431,40557,40563,40437,40432,40558,40564,40438
40432,40558,40564,40438,40433,40559,40565,40439
40433,40559,40565,40439,40434,40560,40566,40440
40434,40560,40566,40440,40435,40561,40567,40441
40436,40562,40568,40442,40437,40563,40569,40443
40437,40563,40569,40443,40438,40564,40570,40444
40438,40564,40570,40444,40439,40565,40571,40445
40439,40565,40571,40445,40440,40566,40572,40446
40440,40566,40572,40446,40441,40567,40573,40447
40442,40568,40574,40448,40443,40569,40575,40449
40443,40569,40575,40449,40444,40570,40576,40450
40444,40570,40576,40450,40445,40571,40577,40451
40445,40571,40577,40451,40446,40572,40578,40452
40446,40572,40578,40452,40447,40573,40579,40453
40454,40580,40586,40460,40455,40581,40587,40461
40455,40581,40587,40461,40456,40582,40588,40462
40456,40582,40588,40462,40457,40583,40589,40463
40457,40583,40589,40463,40458,40584,40590,40464
40458,40584,40590,40464,40459,40585,40591,40465
40460,40586,40592,40466,40461,40587,40593,40467
40461,40587,40593,40467,40462,40588,40594,40468
40462,40588,40594,40468,40463,40589,40595,40469
40463,40589,40595,40469,40464,40590,40596,40470
40464,40590,40596,40470,40465,40591,40597,40471
40466,40592,40598,40472,40467,40593,40599,40473
40467,40593,40599,40473,40468,40594,40600,40474
40468,40594,40600,40474,40469,40595,40601,40475
40469,40595,40601,40475,40470,40596,40602,40476
40470,40596,40602,40476,40471,40597,40603,40477
40472,40598,40604,40478,40473,40599,40605,40479
40473,40599,40605,40479,40474,40600,40606,40480
40474,40600,40606,40480,40475,40601,40607,40481
40475,40601,40607,40481,40476,40602,40608,40482
40476,40602,40608,40482,40477,40603,40609,40483
40478,40604,40610,40484,40479,40605,40611,40485
40479,40605,40611,40485,40480,40606,40612,40486
40480,40606,40612,40486,40481,40607,40613,40487
40481,40607,40613,40487,40482,40608,40614,40488
40482,40608,40614,40488,40483,40609,40615,40489
40484,40610,40616,40490,40485,40611,40617,40491
40485,40611,40617,40491,40486,40612,40618,40492
40486,40612,40618,40492,40487,40613,40619,40493
40487,40613,40619,40493,40488,40614,40620,40494
40488,40614,40620,40494,40489,40615,40621,40495
40490,40616,40622,40496,40491,40617,40623,40497
40491,40617,40623,40497,40492,40618,40624,40498
40492,40618,40624,40498,40493,40619,40625,40499
40493,40619,40625,40499,40494,40620,40626,40500
40494,40620,40626,40500,40495,40621,40627,40501
40496,40622,40628,40502,40497,40623,40629,40503
40497,40623,40629,40503,40498,40624,40630,40504
40498,40624,40630,40504,40499,40625,40631,40505
40499,40625,40631,40505,40500,40626,40632,40506
40500,40626,40632,40506,40501,40627,40633,40507
40502,40628,40634,40508,40503,40629,40635,40509
40503,40629,40635,40509,40504,40630,40636,40510
40504,40630,40636,40510,40505,40631,40637,40511
40505,40631,40637,40511,40506,40632,40638,40512
40506,40632,40638,40512,40507,40633,40639,40513
40508,40634,40640,40514,40509,40635,40641,40515
40509,40635,40641,40515,40510,40636,40642,40516
40510,40636,40642,40516,40511,40637,40643,40517
40511,40637,40643,40517,40512,40638,40644,40518
40512,40638,40644,40518,40513,40639,40645,40519
40514,40640,40646,40520,40515,40641,40647,40521
40515,40641,40647,40521,40516,40642,40648,40522
40516,40642,40648,40522,40517,40643,40649,40523
40517,40643,40649,40523,40518,40644,40650,40524
40518,40644,40650,40524,40519,40645,40651,40525
40520,40646,40652,40526,40521,40647,40653,40527
40521,40647,40653,40527,40522,40648,40654,40528
40522,40648,40654,40528,40523,40649,40655,40529
40523,40649,40655,40529,40524,40650,40656,40530
40524,40650,40656,40530,40525,40651,40657,40531
40526,40652,40658,40532,40527,40653,40659,40533
40527,40653,40659,40533,40528,40654,40660,40534
40528,40654,40660,40534,40529,40655,40661,40535
40529,40655,40661,40535,40530,40656,40662,40536
40530,40656,40662,40536,40531,40657,40663,40537
40532,40658,40664,40538,40533,40659,40665,40539
40533,40659,40665,40539,40534,40660,40666,40540
40534,40660,40666,40540,40535,40661,40667,40541
40535,40661,40667,40541,40536,40662,40668,40542
40536,40662,40668,40542,40537,40663,40669,40543
40538,40664,40670,40544,40539,40665,40671,40545
40539,40665,40671,40545,40540,40666,40672,40546
40540,40666,40672,40546,40541,40667,40673,40547
40541,40667,40673,40547,40542,40668,40674,40548
40542,40668,40674,40548,40543,40669,40675,40549
40544,40670,40676,40550,40545,40671,40677,40551
40545,40671,40677,40551,40546,40672,40678,40552
40546,40672,40678,40552,40547,40673,40679,40553
40547,40673,40679,40553,40548,40674,40680,40554
40548,40674,40680,40554,40549,40675,40681,40555
40550,40676,40682,40556,40551,40677,40683,40557
40551,40677,40683,40557,40552,40678,40684,40558
40552,40678,40684,40558,40553,40679,40685,40559
40553,40679,40685,40559,40554,40680,40686,40560
40554,40680,40686,40560,40555,40681,40687,40561
40556,40682,40688,40562,40557,40683,40689,40563
40557,40683,40689,40563,40558,40684,40690,40564
40558,40684,40690,40564,40559,40685,40691,40565
40559,40685,40691,40565,40560,40686,40692,40566
40560,40686,40692,40566,40561,40687,40693,40567
40562,40688,40694,40568,40563,40689,40695,40569
40563,40689,40695,40569,40564,40690,40696,40570
40564,40690,40696,40570,40565,40691,40697,40571
40565,40691,40697,40571,40566,40692,40698,40572
40566,40692,40698,40572,40567,40693,40699,40573
40568,40694,40700,40574,40569,40695,40701,40575
40569,40695,40701,40575,40570,40696,40702,40576
40570,40696,40702,40576,40571,40697,40703,40577
40571,40697,40703,40577,40572,40698,40704,40578
40572,40698,40704,40578,40573,40699,40705,40579
40580,40706,40712,40586,40581,40707,40713,40587
40581,40707,40713,40587,40582,40708,40714,40588
40582,40708,40714,40588,40583,40709,40715,40589
40583,40709,40715,40589,40584,40710,40716,40590
40584,40710,40716,40590,40585,40711,40717,40591
40586,40712,40718,40592,40587,40713,40719,40593
40587,40713,40719,40593,40588,40714,40720,40594
40588,40714,40720,40594,40589,40715,40721,40595
40589,40715,40721,40595,40590,40716,40722,40596
40590,40716,40722,40596,40591,40717,40723,40597
40592,40718,40724,40598,40593,40719,40725,40599
40593,40719,40725,40599,40594,40720,40726,40600
40594,40720,40726,40600,40595,40721,40727,40601
40595,40721,40727,40601,40596,40722,40728,40602
40596,40722,40728,40602,40597,40723,40729,40603
40598,40724,40730,40604,40599,40725,40731,40605
40599,40725,40731,40605,40600,40726,40732,40606
40600,40726,40732,40606,40601,40727,40733,40607
40601,40727,40733,40607,40602,40728,40734,40608
40602,40728,40734,40608,40603,40729,40735,40609
40604,40730,40736,40610,40605,40731,40737,40611
40605,40731,40737,40611,40606,40732,40738,40612
40606,40732,40738,40612,40607,40733,40739,40613
40607,40733,40739,40613,40608,40734,40740,40614
40608,40734,40740,40614,40609,40735,40741,40615
40610,40736,40742,40616,40611,40737,40743,40617
40611,40737,40743,40617,40612,40738,40744,40618
40612,40738,40744,40618,40613,40739,40745,40619
40613,40739,40745,40619,40614,40740,40746,40620
40614,40740,40746,40620,40615,40741,40747,40621
40616,40742,40748,40622,40617,40743,40749,40623
40617,40743,40749,40623,40618,40744,40750,40624
40618,40744,40750,40624,40619,40745,40751,40625
40619,40745,40751,40625,40620,40746,40752,40626
40620,40746,40752,40626,40621,40747,40753,40627
40622,40748,40754,40628,40623,40749,40755,40629
40623,40749,40755,40629,40624,40750,40756,40630
40624,40750,40756,40630,40625,40751,40757,40631
40625,40751,40757,40631,40626,40752,40758,40632
40626,40752,40758,40632,40627,40753,40759,40633
40628,40754,40760,40634,40629,40755,40761,40635
40629,40755,40761,40635,40630,40756,40762,40636
40630,40756,40762,40636,40631,40757,40763,40637
40631,40757,40763,40637,40632,40758,40764,40638
40632,40758,40764,40638,40633,40759,40765,40639
40634,40760,40766,40640,40635,40761,40767,40641
40635,40761,40767,40641,40636,40762,40768,40642
40636,40762,40768,40642,40637,40763,40769,40643
40637,40763,40769,40643,40638,40764,40770,40644
40638,40764,40770,40644,40639,40765,40771,40645
40640,40766,40772,40646,40641,40767,40773,40647
40641,40767,40773,40647,40642,40768,40774,40648
40642,40768,40774,40648,40643,40769,40775,40649
40643,40769,40775,40649,40644,40770,40776,40650
40644,40770,40776,40650,40645,40771,40777,40651
40646,40772,40778,40652,40647,40773,40779,40653
40647,40773,40779,40653,40648,40774,40780,40654
40648,40774,40780,40654,40649,40775,40781,40655
40649,40775,40781,40655,40650,40776,40782,40656
40650,40776,40782,40656,40651,40777,40783,40657
40652,40778,40784,40658,40653,40779,40785,40659
40653,40779,40785,40659,40654,40780,40786,40660
40654,40780,40786,40660,40655,40781,40787,40661
40655,40781,40787,40661,40656,40782,40788,40662
40656,40782,40788,40662,40657,40783,40789,40663
40658,40784,40790,40664,40659,40785,40791,40665
40659,40785,40791,40665,40660,40786,40792,40666
40660,40786,40792,40666,40661,40787,40793,40667
40661,40787,40793,40667,40662,40788,40794,40668
40662,40788,40794,40668,40663,40789,40795,40669
40664,40790,40796,40670,40665,40791,40797,40671
40665,40791,40797,40671,40666,40792,40798,40672
40666,40792,40798,40672,40667,40793,40799,40673
40667,40793,40799,40673,40668,40794,40800,40674
40668,40794,40800,40674,40669,40795,40801,40675
40670,40796,40802,40676,40671,40797,40803,40677
40671,40797,40803,40677,40672,40798,40804,40678
40672,40798,40804,40678,40673,40799,40805,40679
40673,40799,40805,40679,40674,40800,40806,40680
40674,40800,40806,40680,40675,40801,40807,40681
40676,40802,40808,40682,40677,40803,40809,40683
40677,40803,40809,40683,40678,40804,40810,40684
40678,40804,40810,40684,40679,40805,40811,40685
40679,40805,40811,40685,40680,40806,40812,40686
40680,40806,40812,40686,40681,40807,40813,40687
40682,40808,40814,40688,40683,40809,40815,40689
40683,40809,40815,40689,40684,40810,40816,40690
40684,40810,40816,40690,40685,40811,40817,40691
40685,40811,40817,40691,40686,40812,40818,40692
40686,40812,40818,40692,40687,40813,40819,40693
40688,40814,40820,40694,40689,40815,40821,40695
40689,40815,40821,40695,40690,40816,40822,40696
40690,40816,40822,40696,40691,40817,40823,40697
40691,40817,40823,40697,40692,40818,40824,40698
40692,40818,40824,40698,40693,40819,40825,40699
40694,40820,40826,40700,40695,40821,40827,40701
40695,40821,40827,40701,40696,40822,40828,40702
40696,40822,40828,40702,40697,40823,40829,40703
40697,40823,40829,40703,40698,40824,40830,40704
40698,40824,40830,40704,40699,40825,40831,40705
40706,40832,40838,40712,40707,40833,40839,40713
40707,40833,40839,40713,40708,40834,40840,40714
40708,40834,40840,40714,40709,40835,40841,40715
40709,40835,40841,40715,40710,40836,40842,40716
40710,40836,40842,40716,40711,40837,40843,40717
40712,40838,40844,40718,40713,40839,40845,40719
40713,40839,40845,40719,40714,40840,40846,40720
40714,40840,40846,40720,40715,40841,40847,40721
40715,40841,40847,40721,40716,40842,40848,40722
40716,40842,40848,40722,40717,40843,40849,40723
40718,40844,40850,40724,40719,40845,40851,40725
40719,40845,40851,40725,40720,40846,40852,40726
40720,40846,40852,40726,40721,40847,40853,40727
40721,40847,40853,40727,40722,40848,40854,40728
40722,40848,40854,40728,40723,40849,40855,40729
40724,40850,40856,40730,40725,40851,40857,40731
40725,40851,40857,40731,40726,40852,40858,40732
40726,40852,40858,40732,40727,40853,40859,40733
40727,40853,40859,40733,40728,40854,40860,40734
40728,40854,40860,40734,40729,40855,40861,40735
40730,40856,40862,40736,40731,40857,40863,40737
40731,40857,40863,40737,40732,40858,40864,40738
40732,40858,40864,40738,40733,40859,40865,40739
40733,40859,40865,40739,40734,40860,40866,40740
40734,40860,40866,40740,40735,40861,40867,40741
40736,40862,40868,40742,40737,40863,40869,40743
40737,40863,40869,40743,40738,40864,40870,40744
40738,40864,40870,40744,40739,40865,40871,40745
40739,40865,40871,40745,40740,40866,40872,40746
40740,40866,40872,40746,40741,40867,40873,40747
40742,40868,40874,40748,40743,40869,40875,40749
40743,40869,40875,40749,40744,40870,40876,40750
40744,40870,40876,40750,40745,40871,40877,40751
40745,40871,40877,40751,40746,40872,40878,40752
40746,40872,40878,40752,40747,40873,40879,40753
40748,40874,40880,40754,40749,40875,40881,40755
40749,40875,40881,40755,40750,40876,40882,40756
40750,40876,40882,40756,40751,40877,40883,40757
40751,40877,40883,40757,40752,40878,40884,40758
40752,40878,40884,40758,40753,40879,40885,40759
40754,40880,40886,40760,40755,40881,40887,40761
40755,40881,40887,40761,40756,40882,40888,40762
40756,40882,40888,40762,40757,40883,40889,40763
40757,40883,40889,40763,40758,40884,40890,40764
40758,40884,40890,40764,40759,40885,40891,40765
40760,40886,40892,40766,40761,40887,40893,40767
40761,40887,40893,40767,40762,40888,40894,40768
40762,40888,40894,40768,40763,40889,40895,40769
40763,40889,40895,40769,40764,40890,40896,40770
40764,40890,40896,40770,40765,40891,40897,40771
40766,40892,40898,40772,40767,40893,40899,40773
40767,40893,40899,40773,40768,40894,40900,40774
40768,40894,40900,40774,40769,40895,40901,40775
40769,40895,40901,40775,40770,40896,40902,40776
40770,40896,40902,40776,40771,40897,40903,40777
40772,40898,40904,40778,40773,40899,40905,40779
40773,40899,40905,40779,40774,40900,40906,40780
40774,40900,40906,40780,40775,40901,40907,40781
40775,40901,40907,40781,40776,40902,40908,40782
40776,40902,40908,40782,40777,40903,40909,40783
40778,40904,40910,40784,40779,40905,40911,40785
40779,40905,40911,40785,40780,40906,40912,40786
40780,40906,40912,40786,40781,40907,40913,40787
40781,40907,40913,40787,40782,40908,40914,40788
40782,40908,40914,40788,40783,40909,40915,40789
40784,40910,40916,40790,40785,40911,40917,40791
40785,40911,40917,40791,40786,40912,40918,40792
40786,40912,40918,40792,40787,40913,40919,40793
40787,40913,40919,40793,40788,40914,40920,40794
40788,40914,40920,40794,40789,40915,40921,40795
40790,40916,40922,40796,40791,40917,40923,40797
40791,40917,40923,40797,40792,40918,40924,40798
40792,40918,40924,40798,40793,40919,40925,40799
40793,40919,40925,40799,40794,40920,40926,40800
40794,40920,40926,40800,40795,40921,40927,40801
40796,40922,40928,40802,40797,40923,40929,40803
40797,40923,40929,40803,40798,40924,40930,40804
40798,40924,40930,40804,40799,40925,40931,40805
40799,40925,40931,40805,40800,40926,40932,40806
40800,40926,40932,40806,40801,40927,40933,40807
40802,40928,40934,40808,40803,40929,40935,40809
40803,40929,40935,40809,40804,40930,40936,40810
40804,40930,40936,40810,40805,40931,40937,40811
40805,40931,40937,40811,40806,40932,40938,40812
40806,40932,40938,40812,40807,40933,40939,40813
40808,40934,40940,40814,40809,40935,40941,40815
40809,40935,40941,40815,40810,40936,40942,40816
40810,40936,40942,40816,40811,40937,40943,40817
40811,40937,40943,40817,40812,40938,40944,40818
40812,40938,40944,40818,40813,40939,40945,40819
40814,40940,40946,40820,40815,40941,40947,40821
40815,40941,40947,40821,40816,40942,40948,40822
40816,40942,40948,40822,40817,40943,40949,40823
40817,40943,40949,40823,40818,40944,40950,40824
40818,40944,40950,40824,40819,40945,40951,40825
40820,40946,40952,40826,40821,40947,40953,40827
40821,40947,40953,40827,40822,40948,40954,40828
40822,40948,40954,40828,40823,40949,40955,40829
40823,40949,40955,40829,40824,40950,40956,40830
40824,40950,40956,40830,40825,40951,40957,40831
40832,40958,40964,40838,40833,40959,40965,40839
40833,40959,40965,40839,40834,40960,40966,40840
40834,40960,40966,40840,40835,40961,40967,40841
40835,40961,40967,40841,40836,40962,40968,40842
40836,40962,40968,40842,40837,40963,40969,40843
40838,40964,40970,40844,40839,40965,40971,40845
40839,40965,40971,40845,40840,40966,40972,40846
40840,40966,40972,40846,40841,40967,40973,40847
40841,40967,40973,40847,40842,40968,40974,40848
40842,40968,40974,40848,40843,40969,40975,40849
40844,40970,40976,40850,40845,40971,40977,40851
40845,40971,40977,40851,40846,40972,40978,40852
40846,40972,40978,40852,40847,40973,40979,40853
40847,40973,40979,40853,40848,40974,40980,40854
40848,40974,40980,40854,40849,40975,40981,40855
40850,40976,40982,40856,40851,40977,40983,40857
40851,40977,40983,40857,40852,40978,40984,40858
40852,40978,40984,40858,40853,40979,40985,40859
40853,40979,40985,40859,40854,40980,40986,40860
40854,40980,40986,40860,40855,40981,40987,40861
40856,40982,40988,40862,40857,40983,40989,40863
40857,40983,40989,40863,40858,40984,40990,40864
40858,40984,40990,40864,40859,40985,40991,40865
40859,40985,40991,40865,40860,40986,40992,40866
40860,40986,40992,40866,40861,40987,40993,40867
40862,40988,40994,40868,40863,40989,40995,40869
40863,40989,40995,40869,40864,40990,40996,40870
40864,40990,40996,40870,40865,40991,40997,40871
40865,40991,40997,40871,40866,40992,40998,40872
40866,40992,40998,40872,40867,40993,40999,40873
40868,40994,41000,40874,40869,40995,41001,40875
40869,40995,41001,40875,40870,40996,41002,40876
40870,40996,41002,40876,40871,40997,41003,40877
40871,40997,41003,40877,40872,40998,41004,40878
40872,40998,41004,40878,40873,40999,41005,40879
40874,41000,41006,40880,40875,41001,41007,40881
40875,41001,41007,40881,40876,41002,41008,40882
40876,41002,41008,40882,40877,41003,41009,40883
40877,41003,41009,40883,40878,41004,41010,40884
40878,41004,41010,40884,40879,41005,41011,40885
40880,41006,41012,40886,40881,41007,41013,40887
40881,41007,41013,40887,40882,41008,41014,40888
40882,41008,41014,40888,40883,41009,41015,40889
40883,41009,41015,40889,40884,41010,41016,40890
40884,41010,41016,40890,40885,41011,41017,40891
40886,41012,41018,40892,40887,41013,41019,40893
40887,41013,41019,40893,40888,41014,41020,40894
40888,41014,41020,40894,40889,41015,41021,40895
40889,41015,41021,40895,40890,41016,41022,40896
40890,41016,41022,40896,40891,41017,41023,40897
40892,41018,41024,40898,40893,41019,41025,40899
40893,41019,41025,40899,40894,41020,41026,40900
40894,41020,41026,40900,40895,41021,41027,40901
40895,41021,41027,40901,40896,41022,41028,40902
40896,41022,41028,40902,40897,41023,41029,40903
40898,41024,41030,40904,40899,41025,41031,40905
40899,41025,41031,40905,40900,41026,41032,40906
40900,41026,41032,40906,40901,41027,41033,40907
40901,41027,41033,40907,40902,41028,41034,40908
40902,41028,41034,40908,40903,41029,41035,40909
40904,41030,41036,40910,40905,41031,41037,40911
40905,41031,41037,40911,40906,41032,41038,40912
40906,41032,41038,40912,40907,41033,41039,40913
40907,41033,41039,40913,40908,41034,41040,40914
40908,41034,41040,40914,40909,41035,41041,40915
40910,41036,41042,40916,40911,41037,41043,40917
40911,41037,41043,40917,40912,41038,41044,40918
40912,41038,41044,40918,40913,41039,41045,40919
40913,41039,41045,40919,40914,41040,41046,40920
40914,41040,41046,40920,40915,41041,41047,40921
40916,41042,41048,40922,40917,41043,41049,40923
40917,41043,41049,40923,40918,41044,41050,40924
40918,41044,41050,40924,40919,41045,41051,40925
40919,41045,41051,40925,40920,41046,41052,40926
40920,41046,41052,40926,40921,41047,41053,40927
40922,41048,41054,40928,40923,41049,41055,40929
40923,41049,41055,40929,40924,41050,41056,40930
40924,41050,41056,40930,40925,41051,41057,40931
40925,41051,41057,40931,40926,41052,41058,40932
40926,41052,41058,40932,40927,41053,41059,40933
40928,41054,41060,40934,40929,41055,41061,40935
40929,41055,41061,40935,40930,41056,41062,40936
40930,41056,41062,40936,40931,41057,41063,40937
40931,41057,41063,40937,40932,41058,41064,40938
40932,41058,41064,40938,40933,41059,41065,40939
40934,41060,41066,40940,40935,41061,41067,40941
40935,41061,41067,40941,40936,41062,41068,40942
40936,41062,41068,40942,40937,41063,41069,40943
40937,41063,41069,40943,40938,41064,41070,40944
40938,41064,41070,40944,40939,41065,41071,40945
40940,41066,41072,40946,40941,41067,41073,40947
40941,41067,41073,40947,40942,41068,41074,40948
40942,41068,41074,40948,40943,41069,41075,40949
40943,41069,41075,40949,40944,41070,41076,40950
40944,41070,41076,40950,40945,41071,41077,40951
40946,41072,41078,40952,40947,41073,41079,40953
40947,41073,41079,40953,40948,41074,41080,40954
40948,41074,41080,40954,40949,41075,41081,40955
40949,41075,41081,40955,40950,41076,41082,40956
40950,41076,41082,40956,40951,41077,41083,40957
40958,41084,41090,40964,40959,41085,41091,40965
40959,41085,41091,40965,40960,41086,41092,40966
40960,41086,41092,40966,40961,41087,41093,40967
40961,41087,41093,40967,40962,41088,41094,40968
40962,41088,41094,40968,40963,41089,41095,40969
40964,41090,41096,40970,40965,41091,41097,40971
40965,41091,41097,40971,40966,41092,41098,40972
40966,41092,41098,40972,40967,41093,41099,40973
40967,41093,41099,40973,40968,41094,41100,40974
40968,41094,41100,40974,40969,41095,41101,40975
40970,41096,41102,40976,40971,41097,41103,40977
40971,41097,41103,40977,40972,41098,41104,40978
40972,41098,41104,40978,40973,41099,41105,40979
40973,41099,41105,40979,40974,41100,41106,40980
40974,41100,41106,40980,40975,41101,41107,40981
40976,41102,41108,40982,40977,41103,41109,40983
40977,41103,41109,40983,40978,41104,41110,40984
40978,41104,41110,40984,40979,41105,41111,40985
40979,41105,41111,40985,40980,41106,41112,40986
40980,41106,41112,40986,40981,41107,41113,40987
40982,41108,41114,40988,40983,41109,41115,40989
40983,41109,41115,40989,40984,41110,41116,40990
40984,41110,41116,40990,40985,41111,41117,40991
40985,41111,41117,40991,40986,41112,41118,40992
40986,41112,41118,40992,40987,41113,41119,40993
40988,41114,41120,40994,40989,41115,41121,40995
40989,41115,41121,40995,40990,41116,41122,40996
40990,41116,41122,40996,40991,41117,41123,40997
40991,41117,41123,40997,40992,41118,41124,40998
40992,41118,41124,40998,40993,41119,41125,40999
40994,41120,41126,41000,40995,41121,41127,41001
40995,41121,41127,41001,40996,41122,41128,41002
40996,41122,41128,41002,40997,41123,41129,41003
40997,41123,41129,41003,40998,41124,41130,41004
40998,41124,41130,41004,40999,41125,41131,41005
41000,41126,41132,41006,41001,41127,41133,41007
41001,41127,41133,41007,41002,41128,41134,41008
41002,41128,41134,41008,41003,41129,41135,41009
41003,41129,41135,41009,41004,41130,41136,41010
41004,41130,41136,41010,41005,41131,41137,41011
41006,41132,41138,41012,41007,41133,41139,41013
41007,41133,41139,41013,41008,41134,41140,41014
41008,41134,41140,41014,41009,41135,41141,41015
41009,41135,41141,41015,41010,41136,41142,41016
41010,41136,41142,41016,41011,41137,41143,41017
41012,41138,41144,41018,41013,41139,41145,41019
41013,41139,41145,41019,41014,41140,41146,41020
41014,41140,41146,41020,41015,41141,41147,41021
41015,41141,41147,41021,41016,41142,41148,41022
41016,41142,41148,41022,41017,41143,41149,41023
41018,41144,41150,41024,41019,41145,41151,41025
41019,41145,41151,41025,41020,41146,41152,41026
41020,41146,41152,41026,41021,41147,41153,41027
41021,41147,41153,41027,41022,41148,41154,41028
41022,41148,41154,41028,41023,41149,41155,41029
41024,41150,41156,41030,41025,41151,41157,41031
41025,41151,41157,41031,41026,41152,41158,41032
41026,41152,41158,41032,41027,41153,41159,41033
41027,41153,41159,41033,41028,41154,41160,41034
41028,41154,41160,41034,41029,41155,41161,41035
41030,41156,41162,41036,41031,41157,41163,41037
41031,41157,41163,41037,41032,41158,41164,41038
41032,41158,41164,41038,41033,41159,41165,41039
41033,41159,41165,41039,41034,41160,41166,41040
41034,41160,41166,41040,41035,41161,41167,41041
41036,41162,41168,41042,41037,41163,41169,41043
41037,41163,41169,41043,41038,41164,41170,41044
41038,41164,41170,41044,41039,41165,41171,41045
41039,41165,41171,41045,41040,41166,41172,41046
41040,41166,41172,41046,41041,41167,41173,41047
41042,41168,41174,41048,41043,41169,41175,41049
41043,41169,41175,41049,41044,41170,41176,41050
41044,41170,41176,41050,41045,41171,41177,41051
41045,41171,41177,41051,41046,41172,41178,41052
41046,41172,41178,41052,41047,41173,41179,41053
41048,41174,41180,41054,41049,41175,41181,41055
41049,41175,41181,41055,41050,41176,41182,41056
41050,41176,41182,41056,41051,41177,41183,41057
41051,41177,41183,41057,41052,41178,41184,41058
41052,41178,41184,41058,41053,41179,41185,41059
41054,41180,41186,41060,41055,41181,41187,41061
41055,41181,41187,41061,41056,41182,41188,41062
41056,41182,41188,41062,41057,41183,41189,41063
41057,41183,41189,41063,41058,41184,41190,41064
41058,41184,41190,41064,41059,41185,41191,41065
41060,41186,41192,41066,41061,41187,41193,41067
41061,41187,41193,41067,41062,41188,41194,41068
41062,41188,41194,41068,41063,41189,41195,41069
41063,41189,41195,41069,41064,41190,41196,41070
41064,41190,41196,41070,41065,41191,41197,41071
41066,41192,41198,41072,41067,41193,41199,41073
41067,41193,41199,41073,41068,41194,41200,41074
41068,41194,41200,41074,41069,41195,41201,41075
41069,41195,41201,41075,41070,41196,41202,41076
41070,41196,41202,41076,41071,41197,41203,41077
41072,41198,41204,41078,41073,41199,41205,41079
41073,41199,41205,41079,41074,41200,41206,41080
41074,41200,41206,41080,41075,41201,41207,41081
41075,41201,41207,41081,41076,41202,41208,41082
41076,41202,41208,41082,41077,41203,41209,41083
41084,41210,41216,41090,41085,41211,41217,41091
41085,41211,41217,41091,41086,41212,41218,41092
41086,41212,41218,41092,41087,41213,41219,41093
41087,41213,41219,41093,41088,41214,41220,41094
41088,41214,41220,41094,41089,41215,41221,41095
41090,41216,41222,41096,41091,41217,41223,41097
41091,41217,41223,41097,41092,41218,41224,41098
41092,41218,41224,41098,41093,41219,41225,41099
41093,41219,41225,41099,41094,41220,41226,41100
41094,41220,41226,41100,41095,41221,41227,41101
41096,41222,41228,41102,41097,41223,41229,41103
41097,41223,41229,41103,41098,41224,41230,41104
41098,41224,41230,41104,41099,41225,41231,41105
41099,41225,41231,41105,41100,41226,41232,41106
41100,41226,41232,41106,41101,41227,41233,41107
41102,41228,41234,41108,41103,41229,41235,41109
41103,41229,41235,41109,41104,41230,41236,41110
41104,41230,41236,41110,41105,41231,41237,41111
41105,41231,41237,41111,41106,41232,41238,41112
41106,41232,41238,41112,41107,41233,41239,41113
41108,41234,41240,41114,41109,41235,41241,41115
41109,41235,41241,41115,41110,41236,41242,41116
41110,41236,41242,41116,41111,41237,41243,41117
41111,41237,41243,41117,41112,41238,41244,41118
41112,41238,41244,41118,41113,41239,41245,41119
41114,41240,41246,41120,41115,41241,41247,41121
41115,41241,41247,41121,41116,41242,41248,41122
41116,41242,41248,41122,41117,41243,41249,41123
41117,41243,41249,41123,41118,41244,41250,41124
41118,41244,41250,41124,41119,41245,41251,41125
41120,41246,41252,41126,41121,41247,41253,41127
41121,41247,41253,41127,41122,41248,41254,41128
41122,41248,41254,41128,41123,41249,41255,41129
41123,41249,41255,41129,41124,41250,41256,41130
41124,41250,41256,41130,41125,41251,41257,41131
41126,41252,41258,41132,41127,41253,41259,41133
41127,41253,41259,41133,41128,41254,41260,41134
41128,41254,41260,41134,41129,41255,41261,41135
41129,41255,41261,41135,41130,41256,41262,41136
41130,41256,41262,41136,41131,41257,41263,41137
41132,41258,41264,41138,41133,41259,41265,41139
41133,41259,41265,41139,41134,41260,41266,41140
41134,41260,41266,41140,41135,41261,41267,41141
41135,41261,41267,41141,41136,41262,41268,41142
41136,41262,41268,41142,41137,41263,41269,41143
41138,41264,41270,41144,41139,41265,41271,41145
41139,41265,41271,41145,41140,41266,41272,41146
41140,41266,41272,41146,41141,41267,41273,41147
41141,41267,41273,41147,41142,41268,41274,41148
41142,41268,41274,41148,41143,41269,41275,41149
41144,41270,41276,41150,41145,41271,41277,41151
41145,41271,41277,41151,41146,41272,41278,41152
41146,41272,41278,41152,41147,41273,41279,41153
41147,41273,41279,41153,41148,41274,41280,41154
41148,41274,41280,41154,41149,41275,41281,41155
41150,41276,41282,41156,41151,41277,41283,41157
41151,41277,41283,41157,41152,41278,41284,41158
41152,41278,41284,41158,41153,41279,41285,41159
41153,41279,41285,41159,41154,41280,41286,41160
41154,41280,41286,41160,41155,41281,41287,41161
41156,41282,41288,41162,41157,41283,41289,41163
41157,41283,41289,41163,41158,41284,41290,41164
41158,41284,41290,41164,41159,41285,41291,41165
41159,41285,41291,41165,41160,41286,41292,41166
41160,41286,41292,41166,41161,41287,41293,41167
41162,41288,41294,41168,41163,41289,41295,41169
41163,41289,41295,41169,41164,41290,41296,41170
41164,41290,41296,41170,41165,41291,41297,41171
41165,41291,41297,41171,41166,41292,41298,41172
41166,41292,41298,41172,41167,41293,41299,41173
41168,41294,41300,41174,41169,41295,41301,41175
41169,41295,41301,41175,41170,41296,41302,41176
41170,41296,41302,41176,41171,41297,41303,41177
41171,41297,41303,41177,41172,41298,41304,41178
41172,41298,41304,41178,41173,41299,41305,41179
41174,41300,41306,41180,41175,41301,41307,41181
41175,41301,41307,41181,41176,41302,41308,41182
41176,41302,41308,41182,41177,41303,41309,41183
41177,41303,41309,41183,41178,41304,41310,41184
41178,41304,41310,41184,41179,41305,41311,41185
41180,41306,41312,41186,41181,41307,41313,41187
41181,41307,41313,41187,41182,41308,41314,41188
41182,41308,41314,41188,41183,41309,41315,41189
41183,41309,41315,41189,41184,41310,41316,41190
41184,41310,41316,41190,41185,41311,41317,41191
41186,41312,41318,41192,41187,41313,41319,41193
41187,41313,41319,41193,41188,41314,41320,41194
41188,41314,41320,41194,41189,41315,41321,41195
41189,41315,41321,41195,41190,41316,41322,41196
41190,41316,41322,41196,41191,41317,41323,41197
41192,41318,41324,41198,41193,41319,41325,41199
41193,41319,41325,41199,41194,41320,41326,41200
41194,41320,41326,41200,41195,41321,41327,41201
41195,41321,41327,41201,41196,41322,41328,41202
41196,41322,41328,41202,41197,41323,41329,41203
41198,41324,41330,41204,41199,41325,41331,41205
41199,41325,41331,41205,41200,41326,41332,41206
41200,41326,41332,41206,41201,41327,41333,41207
41201,41327,41333,41207,41202,41328,41334,41208
41202,41328,41334,41208,41203,41329,41335,41209
41210,41336,41342,41216,41211,41337,41343,41217
41211,41337,41343,41217,41212,41338,41344,41218
41212,41338,41344,41218,41213,41339,41345,41219
41213,41339,41345,41219,41214,41340,41346,41220
41214,41340,41346,41220,41215,41341,41347,41221
41216,41342,41348,41222,41217,41343,41349,41223
41217,41343,41349,41223,41218,41344,41350,41224
41218,41344,41350,41224,41219,41345,41351,41225
41219,41345,41351,41225,41220,41346,41352,41226
41220,41346,41352,41226,41221,41347,41353,41227
41222,41348,41354,41228,41223,41349,41355,41229
41223,41349,41355,41229,41224,41350,41356,41230
41224,41350,41356,41230,41225,41351,41357,41231
41225,41351,41357,41231,41226,41352,41358,41232
41226,41352,41358,41232,41227,41353,41359,41233
41228,41354,41360,41234,41229,41355,41361,41235
41229,41355,41361,41235,41230,41356,41362,41236
41230,41356,41362,41236,41231,41357,41363,41237
41231,41357,41363,41237,41232,41358,41364,41238
41232,41358,41364,41238,41233,41359,41365,41239
41234,41360,41366,41240,41235,41361,41367,41241
41235,41361,41367,41241,41236,41362,41368,41242
41236,41362,41368,41242,41237,41363,41369,41243
41237,41363,41369,41243,41238,41364,41370,41244
41238,41364,41370,41244,41239,41365,41371,41245
41240,41366,41372,41246,41241,41367,41373,41247
41241,41367,41373,41247,41242,41368,41374,41248
41242,41368,41374,41248,41243,41369,41375,41249
41243,41369,41375,41249,41244,41370,41376,41250
41244,41370,41376,41250,41245,41371,41377,41251
41246,41372,41378,41252,41247,41373,41379,41253
41247,41373,41379,41253,41248,41374,41380,41254
41248,41374,41380,41254,41249,41375,41381,41255
41249,41375,41381,41255,41250,41376,41382,41256
41250,41376,41382,41256,41251,41377,41383,41257
41252,41378,41384,41258,41253,41379,41385,41259
41253,41379,41385,41259,41254,41380,41386,41260
41254,41380,41386,41260,41255,41381,41387,41261
41255,41381,41387,41261,41256,41382,41388,41262
41256,41382,41388,41262,41257,41383,41389,41263
41258,41384,41390,41264,41259,41385,41391,41265
41259,41385,41391,41265,41260,41386,41392,41266
41260,41386,41392,41266,41261,41387,41393,41267
41261,41387,41393,41267,41262,41388,41394,41268
41262,41388,41394,41268,41263,41389,41395,41269
41264,41390,41396,41270,41265,41391,41397,41271
41265,41391,41397,41271,41266,41392,41398,41272
41266,41392,41398,41272,41267,41393,41399,41273
41267,41393,41399,41273,41268,41394,41400,41274
41268,41394,41400,41274,41269,41395,41401,41275
41270,41396,41402,41276,41271,41397,41403,41277
41271,41397,41403,41277,41272,41398,41404,41278
41272,41398,41404,41278,41273,41399,41405,41279
41273,41399,41405,41279,41274,41400,41406,41280
41274,41400,41406,41280,41275,41401,41407,41281
41276,41402,41408,41282,41277,41403,41409,41283
41277,41403,41409,41283,41278,41404,41410,41284
41278,41404,41410,41284,41279,41405,41411,41285
41279,41405,41411,41285,41280,41406,41412,41286
41280,41406,41412,41286,41281,41407,41413,41287
41282,41408,41414,41288,41283,41409,41415,41289
41283,41409,41415,41289,41284,41410,41416,41290
41284,41410,41416,41290,41285,41411,41417,41291
41285,41411,41417,41291,41286,41412,41418,41292
41286,41412,41418,41292,41287,41413,41419,41293
41288,41414,41420,41294,41289,41415,41421,41295
41289,41415,41421,41295,41290,41416,41422,41296
41290,41416,41422,41296,41291,41417,41423,41297
41291,41417,41423,41297,41292,41418,41424,41298
41292,41418,41424,41298,41293,41419,41425,41299
41294,41420,41426,41300,41295,41421,41427,41301
41295,41421,41427,41301,41296,41422,41428,41302
41296,41422,41428,41302,41297,41423,41429,41303
41297,41423,41429,41303,41298,41424,41430,41304
41298,41424,41430,41304,41299,41425,41431,41305
41300,41426,41432,41306,41301,41427,41433,41307
41301,41427,41433,41307,41302,41428,41434,41308
41302,41428,41434,41308,41303,41429,41435,41309
41303,41429,41435,41309,41304,41430,41436,41310
41304,41430,41436,41310,41305,41431,41437,41311
41306,41432,41438,41312,41307,41433,41439,41313
41307,41433,41439,41313,41308,41434,41440,41314
41308,41434,41440,41314,41309,41435,41441,41315
41309,41435,41441,41315,41310,41436,41442,41316
41310,41436,41442,41316,41311,41437,41443,41317
41312,41438,41444,41318,41313,41439,41445,41319
41313,41439,41445,41319,41314,41440,41446,41320
41314,41440,41446,41320,41315,41441,41447,41321
41315,41441,41447,41321,41316,41442,41448,41322
41316,41442,41448,41322,41317,41443,41449,41323
41318,41444,41450,41324,41319,41445,41451,41325
41319,41445,41451,41325,41320,41446,41452,41326
41320,41446,41452,41326,41321,41447,41453,41327
41321,41447,41453,41327,41322,41448,41454,41328
41322,41448,41454,41328,41323,41449,41455,41329
41324,41450,41456,41330,41325,41451,41457,41331
41325,41451,41457,41331,41326,41452,41458,41332
41326,41452,41458,41332,41327,41453,41459,41333
41327,41453,41459,41333,41328,41454,41460,41334
41328,41454,41460,41334,41329,41455,41461,41335
41336,41462,41468,41342,41337,41463,41469,41343
41337,41463,41469,41343,41338,41464,41470,41344
41338,41464,41470,41344,41339,41465,41471,41345
41339,41465,41471,41345,41340,41466,41472,41346
41340,41466,41472,41346,41341,41467,41473,41347
41342,41468,41474,41348,41343,41469,41475,41349
41343,41469,41475,41349,41344,41470,41476,41350
41344,41470,41476,41350,41345,41471,41477,41351
41345,41471,41477,41351,41346,41472,41478,41352
41346,41472,41478,41352,41347,41473,41479,41353
41348,41474,41480,41354,41349,41475,41481,41355
41349,41475,41481,41355,41350,41476,41482,41356
41350,41476,41482,41356,41351,41477,41483,41357
41351,41477,41483,41357,41352,41478,41484,41358
41352,41478,41484,41358,41353,41479,41485,41359
41354,41480,41486,41360,41355,41481,41487,41361
41355,41481,41487,41361,41356,41482,41488,41362
41356,41482,41488,41362,41357,41483,41489,41363
41357,41483,41489,41363,41358,41484,41490,41364
41358,41484,41490,41364,41359,41485,41491,41365
41360,41486,41492,41366,41361,41487,41493,41367
41361,41487,41493,41367,41362,41488,41494,41368
41362,41488,41494,41368,41363,41489,41495,41369
41363,41489,41495,41369,41364,41490,41496,41370
41364,41490,41496,41370,41365,41491,41497,41371
41366,41492,41498,41372,41367,41493,41499,41373
41367,41493,41499,41373,41368,41494,41500,41374
41368,41494,41500,41374,41369,41495,41501,41375
41369,41495,41501,41375,41370,41496,41502,41376
41370,41496,41502,41376,41371,41497,41503,41377
41372,41498,41504,41378,41373,41499,41505,41379
41373,41499,41505,41379,41374,41500,41506,41380
41374,41500,41506,41380,41375,41501,41507,41381
41375,41501,41507,41381,41376,41502,41508,41382
41376,41502,41508,41382,41377,41503,41509,41383
41378,41504,41510,41384,41379,41505,41511,41385
41379,41505,41511,41385,41380,41506,41512,41386
41380,41506,41512,41386,41381,41507,41513,41387
41381,41507,41513,41387,41382,41508,41514,41388
41382,41508,41514,41388,41383,41509,41515,41389
41384,41510,41516,41390,41385,41511,41517,41391
41385,41511,41517,41391,41386,41512,41518,41392
41386,41512,41518,41392,41387,41513,41519,41393
41387,41513,41519,41393,41388,41514,41520,41394
41388,41514,41520,41394,41389,41515,41521,41395
41390,41516,41522,41396,41391,41517,41523,41397
41391,41517,41523,41397,41392,41518,41524,41398
41392,41518,41524,41398,41393,41519,41525,41399
41393,41519,41525,41399,41394,41520,41526,41400
41394,41520,41526,41400,41395,41521,41527,41401
41396,41522,41528,41402,41397,41523,41529,41403
41397,41523,41529,41403,41398,41524,41530,41404
41398,41524,41530,41404,41399,41525,41531,41405
41399,41525,41531,41405,41400,41526,41532,41406
41400,41526,41532,41406,41401,41527,41533,41407
41402,41528,41534,41408,41403,41529,41535,41409
41403,41529,41535,41409,41404,41530,41536,41410
41404,41530,41536,41410,41405,41531,41537,41411
41405,41531,41537,41411,41406,41532,41538,41412
41406,41532,41538,41412,41407,41533,41539,41413
41408,41534,41540,41414,41409,41535,41541,41415
41409,41535,41541,41415,41410,41536,41542,41416
41410,41536,41542,41416,41411,41537,41543,41417
41411,41537,41543,41417,41412,41538,41544,41418
41412,41538,41544,41418,41413,41539,41545,41419
41414,41540,41546,41420,41415,41541,41547,41421
41415,41541,41547,41421,41416,41542,41548,41422
41416,41542,41548,41422,41417,41543,41549,41423
41417,41543,41549,41423,41418,41544,41550,41424
41418,41544,41550,41424,41419,41545,41551,41425
41420,41546,41552,41426,41421,41547,41553,41427
41421,41547,41553,41427,41422,41548,41554,41428
41422,41548,41554,41428,41423,41549,41555,41429
41423,41549,41555,41429,41424,41550,41556,41430
41424,41550,41556,41430,41425,41551,41557,41431
41426,41552,41558,41432,41427,41553,41559,41433
41427,41553,41559,41433,41428,41554,41560,41434
41428,41554,41560,41434,41429,41555,41561,41435
41429,41555,41561,41435,41430,41556,41562,41436
41430,41556,41562,41436,41431,41557,41563,41437
41432,41558,41564,41438,41433,41559,41565,41439
41433,41559,41565,41439,41434,41560,41566,41440
41434,41560,41566,41440,41435,41561,41567,41441
41435,41561,41567,41441,41436,41562,41568,41442
41436,41562,41568,41442,41437,41563,41569,41443
41438,41564,41570,41444,41439,41565,41571,41445
41439,41565,41571,41445,41440,41566,41572,41446
41440,41566,41572,41446,41441,41567,41573,41447
41441,41567,41573,41447,41442,41568,41574,41448
41442,41568,41574,41448,41443,41569,41575,41449
41444,41570,41576,41450,41445,41571,41577,41451
41445,41571,41577,41451,41446,41572,41578,41452
41446,41572,41578,41452,41447,41573,41579,41453
41447,41573,41579,41453,41448,41574,41580,41454
41448,41574,41580,41454,41449,41575,41581,41455
41450,41576,41582,41456,41451,41577,41583,41457
41451,41577,41583,41457,41452,41578,41584,41458
41452,41578,41584,41458,41453,41579,41585,41459
41453,41579,41585,41459,41454,41580,41586,41460
41454,41580,41586,41460,41455,41581,41587,41461
41462,41588,41594,41468,41463,41589,41595,41469
41463,41589,41595,41469,41464,41590,41596,41470
41464,41590,41596,41470,41465,41591,41597,41471
41465,41591,41597,41471,41466,41592,41598,41472
41466,41592,41598,41472,41467,41593,41599,41473
41468,41594,41600,41474,41469,41595,41601,41475
41469,41595,41601,41475,41470,41596,41602,41476
41470,41596,41602,41476,41471,41597,41603,41477
41471,41597,41603,41477,41472,41598,41604,41478
41472,41598,41604,41478,41473,41599,41605,41479
41474,41600,41606,41480,41475,41601,41607,41481
41475,41601,41607,41481,41476,41602,41608,41482
41476,41602,41608,41482,41477,41603,41609,41483
41477,41603,41609,41483,41478,41604,41610,41484
41478,41604,41610,41484,41479,41605,41611,41485
41480,41606,41612,41486,41481,41607,41613,41487
41481,41607,41613,41487,41482,41608,41614,41488
41482,41608,41614,41488,41483,41609,41615,41489
41483,41609,41615,41489,41484,41610,41616,41490
41484,41610,41616,41490,41485,41611,41617,41491
41486,41612,41618,41492,41487,41613,41619,41493
41487,41613,41619,41493,41488,41614,41620,41494
41488,41614,41620,41494,41489,41615,41621,41495
41489,41615,41621,41495,41490,41616,41622,41496
41490,41616,41622,41496,41491,41617,41623,41497
41492,41618,41624,41498,41493,41619,41625,41499
41493,41619,41625,41499,41494,41620,41626,41500
41494,41620,41626,41500,41495,41621,41627,41501
41495,41621,41627,41501,41496,41622,41628,41502
41496,41622,41628,41502,41497,41623,41629,41503
41498,41624,41630,41504,41499,41625,41631,41505
41499,41625,41631,41505,41500,41626,41632,41506
41500,41626,41632,41506,41501,41627,41633,41507
41501,41627,41633,41507,41502,41628,41634,41508
41502,41628,41634,41508,41503,41629,41635,41509
41504,41630,41636,41510,41505,41631,41637,41511
41505,41631,41637,41511,41506,41632,41638,41512
41506,41632,41638,41512,41507,41633,41639,41513
41507,41633,41639,41513,41508,41634,41640,41514
41508,41634,41640,41514,41509,41635,41641,41515
41510,41636,41642,41516,41511,41637,41643,41517
41511,41637,41643,41517,41512,41638,41644,41518
41512,41638,41644,41518,41513,41639,41645,41519
41513,41639,41645,41519,41514,41640,41646,41520
41514,41640,41646,41520,41515,41641,41647,41521
41516,41642,41648,41522,41517,41643,41649,41523
41517,41643,41649,41523,41518,41644,41650,41524
41518,41644,41650,41524,41519,41645,41651,41525
41519,41645,41651,41525,41520,41646,41652,41526
41520,41646,41652,41526,41521,41647,41653,41527
41522,41648,41654,41528,41523,41649,41655,41529
41523,41649,41655,41529,41524,41650,41656,41530
41524,41650,41656,41530,41525,41651,41657,41531
41525,41651,41657,41531,41526,41652,41658,41532
41526,41652,41658,41532,41527,41653,41659,41533
41528,41654,41660,41534,41529,41655,41661,41535
41529,41655,41661,41535,41530,41656,41662,41536
41530,41656,41662,41536,41531,41657,41663,41537
41531,41657,41663,41537,41532,41658,41664,41538
41532,41658,41664,41538,41533,41659,41665,41539
41534,41660,41666,41540,41535,41661,41667,41541
41535,41661,41667,41541,41536,41662,41668,41542
41536,41662,41668,41542,41537,41663,41669,41543
41537,41663,41669,41543,41538,41664,41670,41544
41538,41664,41670,41544,41539,41665,41671,41545
41540,41666,41672,41546,41541,41667,41673,41547
41541,41667,41673,41547,41542,41668,41674,41548
41542,41668,41674,41548,41543,41669,41675,41549
41543,41669,41675,41549,41544,41670,41676,41550
41544,41670,41676,41550,41545,41671,41677,41551
41546,41672,41678,41552,41547,41673,41679,41553
41547,41673,41679,41553,41548,41674,41680,41554
41548,41674,41680,41554,41549,41675,41681,41555
41549,41675,41681,41555,41550,41676,41682,41556
41550,41676,41682,41556,41551,41677,41683,41557
41552,41678,41684,41558,41553,41679,41685,41559
41553,41679,41685,41559,41554,41680,41686,41560
41554,41680,41686,41560,41555,41681,41687,41561
41555,41681,41687,41561,41556,41682,41688,41562
41556,41682,41688,41562,41557,41683,41689,41563
41558,41684,41690,41564,41559,41685,41691,41565
41559,41685,41691,41565,41560,41686,41692,41566
41560,41686,41692,41566,41561,41687,41693,41567
41561,41687,41693,41567,41562,41688,41694,41568
41562,41688,41694,41568,41563,41689,41695,41569
41564,41690,41696,41570,41565,41691,41697,41571
41565,41691,41697,41571,41566,41692,41698,41572
41566,41692,41698,41572,41567,41693,41699,41573
41567,41693,41699,41573,41568,41694,41700,41574
41568,41694,41700,41574,41569,41695,41701,41575
41570,41696,41702,41576,41571,41697,41703,41577
41571,41697,41703,41577,41572,41698,41704,41578
41572,41698,41704,41578,41573,41699,41705,41579
41573,41699,41705,41579,41574,41700,41706,41580
41574,41700,41706,41580,41575,41701,41707,41581
41576,41702,41708,41582,41577,41703,41709,41583
41577,41703,41709,41583,41578,41704,41710,41584
41578,41704,41710,41584,41579,41705,41711,41585
41579,41705,41711,41585,41580,41706,41712,41586
41580,41706,41712,41586,41581,41707,41713,41587
41588,41714,41720,41594,41589,41715,41721,41595
41589,41715,41721,41595,41590,41716,41722,41596
41590,41716,41722,41596,41591,41717,41723,41597
41591,41717,41723,41597,41592,41718,41724,41598
41592,41718,41724,41598,41593,41719,41725,41599
41594,41720,41726,41600,41595,41721,41727,41601
41595,41721,41727,41601,41596,41722,41728,41602
41596,41722,41728,41602,41597,41723,41729,41603
41597,41723,41729,41603,41598,41724,41730,41604
41598,41724,41730,41604,41599,41725,41731,41605
41600,41726,41732,41606,41601,41727,41733,41607
41601,41727,41733,41607,41602,41728,41734,41608
41602,41728,41734,41608,41603,41729,41735,41609
41603,41729,41735,41609,41604,41730,41736,41610
41604,41730,41736,41610,41605,41731,41737,41611
41606,41732,41738,41612,41607,41733,41739,41613
41607,41733,41739,41613,41608,41734,41740,41614
41608,41734,41740,41614,41609,41735,41741,41615
41609,41735,41741,41615,41610,41736,41742,41616
41610,41736,41742,41616,41611,41737,41743,41617
41612,41738,41744,41618,41613,41739,41745,41619
41613,41739,41745,41619,41614,41740,41746,41620
41614,41740,41746,41620,41615,41741,41747,41621
41615,41741,41747,41621,41616,41742,41748,41622
41616,41742,41748,41622,41617,41743,41749,41623
41618,41744,41750,41624,41619,41745,41751,41625
41619,41745,41751,41625,41620,41746,41752,41626
41620,41746,41752,41626,41621,41747,41753,41627
41621,41747,41753,41627,41622,41748,41754,41628
41622,41748,41754,41628,41623,41749,41755,41629
41624,41750,41756,41630,41625,41751,41757,41631
41625,41751,41757,41631,41626,41752,41758,41632
41626,41752,41758,41632,41627,41753,41759,41633
41627,41753,41759,41633,41628,41754,41760,41634
41628,41754,41760,41634,41629,41755,41761,41635
41630,41756,41762,41636,41631,41757,41763,41637
41631,41757,41763,41637,41632,41758,41764,41638
41632,41758,41764,41638,41633,41759,41765,41639
41633,41759,41765,41639,41634,41760,41766,41640
41634,41760,41766,41640,41635,41761,41767,41641
41636,41762,41768,41642,41637,41763,41769,41643
41637,41763,41769,41643,41638,41764,41770,41644
41638,41764,41770,41644,41639,41765,41771,41645
41639,41765,41771,41645,41640,41766,41772,41646
41640,41766,41772,41646,41641,41767,41773,41647
41642,41768,41774,41648,41643,41769,41775,41649
41643,41769,41775,41649,41644,41770,41776,41650
41644,41770,41776,41650,41645,41771,41777,41651
41645,41771,41777,41651,41646,41772,41778,41652
41646,41772,41778,41652,41647,41773,41779,41653
41648,41774,41780,41654,41649,41775,41781,41655
41649,41775,41781,41655,41650,41776,41782,41656
41650,41776,41782,41656,41651,41777,41783,41657
41651,41777,41783,41657,41652,41778,41784,41658
41652,41778,41784,41658,41653,41779,41785,41659
41654,41780,41786,41660,41655,41781,41787,41661
41655,41781,41787,41661,41656,41782,41788,41662
41656,41782,41788,41662,41657,41783,41789,41663
41657,41783,41789,41663,41658,41784,41790,41664
41658,41784,41790,41664,41659,41785,41791,41665
41660,41786,41792,41666,41661,41787,41793,41667
41661,41787,41793,41667,41662,41788,41794,41668
41662,41788,41794,41668,41663,41789,41795,41669
41663,41789,41795,41669,41664,41790,41796,41670
41664,41790,41796,41670,41665,41791,41797,41671
41666,41792,41798,41672,41667,41793,41799,41673
41667,41793,41799,41673,41668,41794,41800,41674
41668,41794,41800,41674,41669,41795,41801,41675
41669,41795,41801,41675,41670,41796,41802,41676
41670,41796,41802,41676,41671,41797,41803,41677
41672,41798,41804,41678,41673,41799,41805,41679
41673,41799,41805,41679,41674,41800,41806,41680
41674,41800,41806,41680,41675,41801,41807,41681
41675,41801,41807,41681,41676,41802,41808,41682
41676,41802,41808,41682,41677,41803,41809,41683
41678,41804,41810,41684,41679,41805,41811,41685
41679,41805,41811,41685,41680,41806,41812,41686
41680,41806,41812,41686,41681,41807,41813,41687
41681,41807,41813,41687,41682,41808,41814,41688
41682,41808,41814,41688,41683,41809,41815,41689
41684,41810,41816,41690,41685,41811,41817,41691
41685,41811,41817,41691,41686,41812,41818,41692
41686,41812,41818,41692,41687,41813,41819,41693
41687,41813,41819,41693,41688,41814,41820,41694
41688,41814,41820,41694,41689,41815,41821,41695
41690,41816,41822,41696,41691,41817,41823,41697
41691,41817,41823,41697,41692,41818,41824,41698
41692,41818,41824,41698,41693,41819,41825,41699
41693,41819,41825,41699,41694,41820,41826,41700
41694,41820,41826,41700,41695,41821,41827,41701
41696,41822,41828,41702,41697,41823,41829,41703
41697,41823,41829,41703,41698,41824,41830,41704
41698,41824,41830,41704,41699,41825,41831,41705
41699,41825,41831,41705,41700,41826,41832,41706
41700,41826,41832,41706,41701,41827,41833,41707
41702,41828,41834,41708,41703,41829,41835,41709
41703,41829,41835,41709,41704,41830,41836,41710
41704,41830,41836,41710,41705,41831,41837,41711
41705,41831,41837,41711,41706,41832,41838,41712
41706,41832,41838,41712,41707,41833,41839,41713
41714,41840,41846,41720,41715,41841,41847,41721
41715,41841,41847,41721,41716,41842,41848,41722
41716,41842,41848,41722,41717,41843,41849,41723
41717,41843,41849,41723,41718,41844,41850,41724
41718,41844,41850,41724,41719,41845,41851,41725
41720,41846,41852,41726,41721,41847,41853,41727
41721,41847,41853,41727,41722,41848,41854,41728
41722,41848,41854,41728,41723,41849,41855,41729
41723,41849,41855,41729,41724,41850,41856,41730
41724,41850,41856,41730,41725,41851,41857,41731
41726,41852,41858,41732,41727,41853,41859,41733
41727,41853,41859,41733,41728,41854,41860,41734
41728,41854,41860,41734,41729,41855,41861,41735
41729,41855,41861,41735,41730,41856,41862,41736
41730,41856,41862,41736,41731,41857,41863,41737
41732,41858,41864,41738,41733,41859,41865,41739
41733,41859,41865,41739,41734,41860,41866,41740
41734,41860,41866,41740,41735,41861,41867,41741
41735,41861,41867,41741,41736,41862,41868,41742
41736,41862,41868,41742,41737,41863,41869,41743
41738,41864,41870,41744,41739,41865,41871,41745
41739,41865,41871,41745,41740,41866,41872,41746
41740,41866,41872,41746,41741,41867,41873,41747
41741,41867,41873,41747,41742,41868,41874,41748
41742,41868,41874,41748,41743,41869,41875,41749
41744,41870,41876,41750,41745,41871,41877,41751
41745,41871,41877,41751,41746,41872,41878,41752
41746,41872,41878,41752,41747,41873,41879,41753
41747,41873,41879,41753,41748,41874,41880,41754
41748,41874,41880,41754,41749,41875,41881,41755
41750,41876,41882,41756,41751,41877,41883,41757
41751,41877,41883,41757,41752,41878,41884,41758
41752,41878,41884,41758,41753,41879,41885,41759
41753,41879,41885,41759,41754,41880,41886,41760
41754,41880,41886,41760,41755,41881,41887,41761
41756,41882,41888,41762,41757,41883,41889,41763
41757,41883,41889,41763,41758,41884,41890,41764
41758,41884,41890,41764,41759,41885,41891,41765
41759,41885,41891,41765,41760,41886,41892,41766
41760,41886,41892,41766,41761,41887,41893,41767
41762,41888,41894,41768,41763,41889,41895,41769
41763,41889,41895,41769,41764,41890,41896,41770
41764,41890,41896,41770,41765,41891,41897,41771
41765,41891,41897,41771,41766,41892,41898,41772
41766,41892,41898,41772,41767,41893,41899,41773
41768,41894,41900,41774,41769,41895,41901,41775
41769,41895,41901,41775,41770,41896,41902,41776
41770,41896,41902,41776,41771,41897,41903,41777
41771,41897,41903,41777,41772,41898,41904,41778
41772,41898,41904,41778,41773,41899,41905,41779
41774,41900,41906,41780,41775,41901,41907,41781
41775,41901,41907,41781,41776,41902,41908,41782
41776,41902,41908,41782,41777,41903,41909,41783
41777,41903,41909,41783,41778,41904,41910,41784
41778,41904,41910,41784,41779,41905,41911,41785
41780,41906,41912,41786,41781,41907,41913,41787
41781,41907,41913,41787,41782,41908,41914,41788
41782,41908,41914,41788,41783,41909,41915,41789
41783,41909,41915,41789,41784,41910,41916,41790
41784,41910,41916,41790,41785,41911,41917,41791
41786,41912,41918,41792,41787,41913,41919,41793
41787,41913,41919,41793,41788,41914,41920,41794
41788,41914,41920,41794,41789,41915,41921,41795
41789,41915,41921,41795,41790,41916,41922,41796
41790,41916,41922,41796,41791,41917,41923,41797
41792,41918,41924,41798,41793,41919,41925,41799
41793,41919,41925,41799,41794,41920,41926,41800
41794,41920,41926,41800,41795,41921,41927,41801
41795,41921,41927,41801,41796,41922,41928,41802
41796,41922,41928,41802,41797,41923,41929,41803
41798,41924,41930,41804,41799,41925,41931,41805
41799,41925,41931,41805,41800,41926,41932,41806
41800,41926,41932,41806,41801,41927,41933,41807
41801,41927,41933,41807,41802,41928,41934,41808
41802,41928,41934,41808,41803,41929,41935,41809
41804,41930,41936,41810,41805,41931,41937,41811
41805,41931,41937,41811,41806,41932,41938,41812
41806,41932,41938,41812,41807,41933,41939,41813
41807,41933,41939,41813,41808,41934,41940,41814
41808,41934,41940,41814,41809,41935,41941,41815
41810,41936,41942,41816,41811,41937,41943,41817
41811,41937,41943,41817,41812,41938,41944,41818
41812,41938,41944,41818,41813,41939,41945,41819
41813,41939,41945,41819,41814,41940,41946,41820
41814,41940,41946,41820,41815,41941,41947,41821
41816,41942,41948,41822,41817,41943,41949,41823
41817,41943,41949,41823,41818,41944,41950,41824
41818,41944,41950,41824,41819,41945,41951,41825
41819,41945,41951,41825,41820,41946,41952,41826
41820,41946,41952,41826,41821,41947,41953,41827
41822,41948,41954,41828,41823,41949,41955,41829
41823,41949,41955,41829,41824,41950,41956,41830
41824,41950,41956,41830,41825,41951,41957,41831
41825,41951,41957,41831,41826,41952,41958,41832
41826,41952,41958,41832,41827,41953,41959,41833
41828,41954,41960,41834,41829,41955,41961,41835
41829,41955,41961,41835,41830,41956,41962,41836
41830,41956,41962,41836,41831,41957,41963,41837
41831,41957,41963,41837,41832,41958,41964,41838
41832,41958,41964,41838,41833,41959,41965,41839
41840,41966,41972,41846,41841,41967,41973,41847
41841,41967,41973,41847,41842,41968,41974,41848
41842,41968,41974,41848,41843,41969,41975,41849
41843,41969,41975,41849,41844,41970,41976,41850
41844,41970,41976,41850,41845,41971,41977,41851
41846,41972,41978,41852,41847,41973,41979,41853
41847,41973,41979,41853,41848,41974,41980,41854
41848,41974,41980,41854,41849,41975,41981,41855
41849,41975,41981,41855,41850,41976,41982,41856
41850,41976,41982,41856,41851,41977,41983,41857
41852,41978,41984,41858,41853,41979,41985,41859
41853,41979,41985,41859,41854,41980,41986,41860
41854,41980,41986,41860,41855,41981,41987,41861
41855,41981,41987,41861,41856,41982,41988,41862
41856,41982,41988,41862,41857,41983,41989,41863
41858,41984,41990,41864,41859,41985,41991,41865
41859,41985,41991,41865,41860,41986,41992,41866
41860,41986,41992,41866,41861,41987,41993,41867
41861,41987,41993,41867,41862,41988,41994,41868
41862,41988,41994,41868,41863,41989,41995,41869
41864,41990,41996,41870,41865,41991,41997,41871
41865,41991,41997,41871,41866,41992,41998,41872
41866,41992,41998,41872,41867,41993,41999,41873
41867,41993,41999,41873,41868,41994,42000,41874
41868,41994,42000,41874,41869,41995,42001,41875
41870,41996,42002,41876,41871,41997,42003,41877
41871,41997,42003,41877,41872,41998,42004,41878
41872,41998,42004,41878,41873,41999,42005,41879
41873,41999,42005,41879,41874,42000,42006,41880
41874,42000,42006,41880,41875,42001,42007,41881
41876,42002,42008,41882,41877,42003,42009,41883
41877,42003,42009,41883,41878,42004,42010,41884
41878,42004,42010,41884,41879,42005,42011,41885
41879,42005,42011,41885,41880,42006,42012,41886
41880,42006,42012,41886,41881,42007,42013,41887
41882,42008,42014,41888,41883,42009,42015,41889
41883,42009,42015,41889,41884,42010,42016,41890
41884,42010,42016,41890,41885,42011,42017,41891
41885,42011,42017,41891,41886,42012,42018,41892
41886,42012,42018,41892,41887,42013,42019,41893
41888,42014,42020,41894,41889,42015,42021,41895
41889,42015,42021,41895,41890,42016,42022,41896
41890,42016,42022,41896,41891,42017,42023,41897
41891,42017,42023,41897,41892,42018,42024,41898
41892,42018,42024,41898,41893,42019,42025,41899
41894,42020,42026,41900,41895,42021,42027,41901
41895,42021,42027,41901,41896,42022,42028,41902
41896,42022,42028,41902,41897,42023,42029,41903
41897,42023,42029,41903,41898,42024,42030,41904
41898,42024,42030,41904,41899,42025,42031,41905
41900,42026,42032,41906,41901,42027,42033,41907
41901,42027,42033,41907,41902,42028,42034,41908
41902,42028,42034,41908,41903,42029,42035,41909
41903,42029,42035,41909,41904,42030,42036,41910
41904,42030,42036,41910,41905,42031,42037,41911
41906,42032,42038,41912,41907,42033,42039,41913
41907,42033,42039,41913,41908,42034,42040,41914
41908,42034,42040,41914,41909,42035,42041,41915
41909,42035,42041,41915,41910,42036,42042,41916
41910,42036,42042,41916,41911,42037,42043,41917
41912,42038,42044,41918,41913,42039,42045,41919
41913,42039,42045,41919,41914,42040,42046,41920
41914,42040,42046,41920,41915,42041,42047,41921
41915,42041,42047,41921,41916,42042,42048,41922
41916,42042,42048,41922,41917,42043,42049,41923
41918,42044,42050,41924,41919,42045,42051,41925
41919,42045,42051,41925,41920,42046,42052,41926
41920,42046,42052,41926,41921,42047,42053,41927
41921,42047,42053,41927,41922,42048,42054,41928
41922,42048,42054,41928,41923,42049,42055,41929
41924,42050,42056,41930,41925,42051,42057,41931
41925,42051,42057,41931,41926,42052,42058,41932
41926,42052,42058,41932,41927,42053,42059,41933
41927,42053,42059,41933,41928,42054,42060,41934
41928,42054,42060,41934,41929,42055,42061,41935
41930,42056,42062,41936,41931,42057,42063,41937
41931,42057,42063,41937,41932,42058,42064,41938
41932,42058,42064,41938,41933,42059,42065,41939
41933,42059,42065,41939,41934,42060,42066,41940
41934,42060,42066,41940,41935,42061,42067,41941
41936,42062,42068,41942,41937,42063,42069,41943
41937,42063,42069,41943,41938,42064,42070,41944
41938,42064,42070,41944,41939,42065,42071,41945
41939,42065,42071,41945,41940,42066,42072,41946
41940,42066,42072,41946,41941,42067,42073,41947
41942,42068,42074,41948,41943,42069,42075,41949
41943,42069,42075,41949,41944,42070,42076,41950
41944,42070,42076,41950,41945,42071,42077,41951
41945,42071,42077,41951,41946,42072,42078,41952
41946,42072,42078,41952,41947,42073,42079,41953
41948,42074,42080,41954,41949,42075,42081,41955
41949,42075,42081,41955,41950,42076,42082,41956
41950,42076,42082,41956,41951,42077,42083,41957
41951,42077,42083,41957,41952,42078,42084,41958
41952,42078,42084,41958,41953,42079,42085,41959
41954,42080,42086,41960,41955,42081,42087,41961
41955,42081,42087,41961,41956,42082,42088,41962
41956,42082,42088,41962,41957,42083,42089,41963
41957,42083,42089,41963,41958,42084,42090,41964
41958,42084,42090,41964,41959,42085,42091,41965
