140
142
447
448
449
450
452
453
456
457
458
478
526
527
550
551
560
568
592
593
594
595
598
615
629
687
699
706
708
709
710
711
712
714
715
716
717
719
725
746
747
757
762
775
781
823
841
1137
1141
1167
1503
1507
1509
1528
1529
1549
1678
1680
1731
1732
1747
1754
1828
1849
1850
1851
1896
1897
1906
1925
1928
1938
1939
1941
1947
2422
2427
2437
2438
2439
2440
2441
2442
2443
2444
2445
2446
2447
2481
2482
2483
2486
2510
2528
2535
2541
2550
2551
2552
2553
2554
2558
2567
2568
2569
2570
2571
2572
2573
2574
2575
2576
2577
2578
2601
2602
2603
2608
2669
2670
2671
2672
2673
2677
2678
2679
2685
2693
2695
2696
2726
2737
2738
2739
2751
2776
2778
2807
2808
2812
2813
2814
2819
2829
2833
2844
2866
2888
2889
2890
2920
2968
3018
3020
3028
3045
3053
3074
3122
3132
3141
3179
3180
3181
3200
3207
3261
3299
3310
3348
3349
3350
3351
3352
3353
3420
3421
3422
3423
3424
3425
3456
3457
3458
3459
3460
3461
3670
3673
3675
3915
3960
3961
3962
3963
3964
3965
4041
4042
4043
4044
4045
4046
4357
4358
4359
4360
4361
4362
4618
4619
4620
4621
4622
4623
4721
4722
4828
4829
4830
4831
4832
4833
4965
4966
4967
4968
4969
4970
5006
5331
5332
5333
5471
5472
5473
5474
5475
5476
5549
5550
5551
5552
5553
5554
5874
5875
5876
5877
5878
5879
5935
5936
5937
5938
5939
5940
6148
6149
6151
6267
6270
6435
6436
6437
6438
6439
6440
6456
6457
6458
6459
6460
6577
6578
6579
6580
6676
6677
6678
6679
6680
6681
6906
6907
6937
6938
6939
6940
6941
6942
6964
6965
6966
6967
6968
7035
7036
7037
7038
7039
7133
7135
7136
7165
7167
7168
7169
7170
7490
7491
7492
7493
7494
7495
7529
7530
7580
7581
7582
7583
7584
7585
7712
7713
7715
7717
7730
7731
7732
7733
7734
7735
7791
7797
7798
7799
7918
7919
7920
7921
7922
7938
7939
7985
7986
7987
7988
7989
7990
8099
8251
8252
8253
8254
8255
8276
8277
8278
8279
8353
8354
8355
8356
8357
8371
8372
8373
8374
8375
8376
8377
8378
8379
8380
8381
8540
8541
8542
8543
8545
8661
8662
8663
8665
8666
8677
8678
8679
8680
8681
8723
8724
8725
8726
8727
8761
8762
8776
8777
8778
8779
8780
8884
8885
8886
8887
8888
8889
8891
8892
8893
8898
8899
8900
8901
8902
8903
9063
9064
9065
9174
9175
9176
9177
9178
9187
9188
9189
9190
9191
9206
9207
9208
9209
9289
9290
9291
9292
9293
9294
9317
9410
9411
9412
9413
9414
9415
9416
9417
9418
9419
9420
9425
9426
9515
9556
9557
9559
9560
9561
9562
9563
9585
9586
9587
9588
9589
9590
9651
9652
9653
9654
9672
9673
9674
9675
9676
9677
9773
9774
9775
9994
9995
9996
9997
9998
9999
10058
10060
10146
10148
10235
10236
10237
10238
10302
10303
10304
10305
10420
10421
10450
10451
10452
10607
10608
10609
10610
10618
10619
10620
10621
10622
10784
10785
10786
10787
10852
10853
10854
10855
10856
10858
10859
10961
10962
10963
10965
10990
11006
11007
11008
11013
11025
11027
11028
11358
11359
11360
11361
11362
11435
11464
11465
11466
11467
11468
11591
11703
11704
11705
11764
11798
11799
11800
11819
11820
11974
11978
11979
11980
11992
11993
11994
12026
12027
12052
12053
12054
12080
12081
12082
12083
12084
12189
12191
12193
12195
12297
12298
12299
12300
12301
12371
12372
12373
12374
12375
12406
12407
12408
12409
12410
12411
12512
12529
12530
12531
12532
12622
12660
12740
12766
12767
12768
12772
12773
12801
12802
12803
12804
12892
12893
12894
12895
12896
12914
12915
12916
12928
12929
12930
12931
12936
12937
12992
13037
13038
13039
13040
13041
13044
13174
13181
13182
13187
13211
13212
13224
13271
13273
13274
13275
13425
13430
13431
13432
13434
13435
13436
13471
13472
13473
13578
13579
13587
13588
13589
13591
13633
13634
13635
13644
13711
13744
13745
13746
13747
13768
13787
13788
13789
13790
13898
13915
13916
13917
13918
13944
13948
13968
13969
13970
13971
13974
14033
14084
14086
14099
14100
14101
14119
14120
14139
14140
14141
14157
14200
14201
14202
14248
14291
14292
14294
14295
14301
14302
14303
14452
14453
14454
14500
14501
14502
14590
14591
14592
14593
14594
14601
14607
14637
14683
14684
14685
14686
14687
14810
14811
14812
14857
14858
14877
14881
14899
14900
14901
14942
14943
14944
14945
14946
14970
14971
15008
15013
15014
15015
15040
15088
15089
15090
15091
15138
15139
15147
15148
15149
15150
15160
15161
15227
15256
15257
15258
15260
15261
15293
15294
15295
15297
15338
15394
15404
15405
15406
15411
15412
15474
15475
15476
15501
15502
15503
15504
15553
15554
15555
15556
15557
15579
15622
15623
15653
15702
15703
15704
15732
15733
15742
15743
15744
15754
15763
15764
15778
15819
15847
15861
15863
15954
15955
15956
15957
15993
15994
15995
15996
15997
16024
16045
16046
16114
16115
16116
16117
16191
16192
16193
16334
16335
16336
16337
16338
16397
16398
16414
16447
16448
16449
16450
16455
16456
16457
16498
16499
16500
16501
16502
16522
16545
16546
16549
16550
16551
16552
16559
16560
16562
16563
16636
16641
16651
16665
16750
16751
16752
16756
16757
16758
16788
16789
16790
16791
16819
16820
16827
16828
16845
16873
16888
16953
16954
16955
16972
16973
16974
16976
16977
16983
16984
16985
17034
17078
17079
17080
17083
17084
17096
17097
17098
17113
17117
17119
17123
17124
17125
17142
17189
17190
17201
17202
17211
17219
17220
17281
17282
17309
17413
17421
17459
17469
17496
17497
17533
17534
17535
17543
17612
17617
17618
17621
17624
17627
17628
17629
17640
17641
17676
17677
17678
17697
17699
17700
17701
17702
17919
17920
17921
17965
17980
17981
17988
18203
18254
18677
18678
18679
18722
18723
18724
19058
19059
19073
19103
19104
19105
19112
19113
19134
19140
19143
19163
19173
19202
19203
19208
19209
19218
19227
19231
19232
19233
19248
19250
19251
19257
19258
19259
19260
19283
19284
19305
19306
19327
19328
19330
19384
19385
19386
19424
19431
19461
19462
19463
19488
19489
19505
19506
19507
19514
19515
19516
19518
19525
19530
19536
19537
19544
19588
19589
19591
19592
19634
19639
19651
19652
19717
19757
19765
19766
19767
19776
19777
19778
19802
19820
19833
19881
19883
19921
19922
19963
19964
20065
20114
20127
20135
20136
20137
20181
20182
20183
20210
20211
20294
20309
20400
20401
20448
20452
20476
20477
20490
20491
20538
20550
20551
20552
20554
20569
20571
20603
20653
20656
20675
20676
20718
20733
20734
20743
20745
20747
20748
20777
20808
20809
20810
20817
20818
20819
20820
20821
20822
20826
20827
20828
20829
20830
20851
20925
20926
20927
20929
20930
20973
40706
40707
40708
40709
40710
40711
40712
40713
40714
40715
40716
40717
40718
40719
40720
40721
40722
40723
40724
40725
40726
40727
40728
40729
40730
40731
40732
40733
40734
40735
40736
40737
40738
40739
40740
40741
40742
40743
40744
40745
40746
40747
40748
40749
40750
40751
40752
40753
40754
40755
40756
40757
40758
40759
40760
40761
40762
40763
40764
40765
40766
40767
40768
40769
40770
40771
40772
40773
40774
40775
40776
40777
40778
40779
40780
40781
40782
40783
40784
40785
40786
40787
40788
40789
40790
40791
40792
40793
40794
40795
40796
40797
40798
40799
40800
40801
40802
40803
40804
40805
40806
40807
40808
40809
40810
40811
40812
40813
40814
40815
40816
40817
40818
40819
40820
40821
40822
40823
40824
40825
40826
40827
40828
40829
40830
40831
42092
